KuA K_S TM_  N_HEG S_HEG N_NEG SNEG SWur Nfas Sfas 
AB  2.0 0.86 04.10 00.20 00.80 0.05 0.10 0.67 1.00 Ackerbohne
CCM 1.3 0.60 01.00 00.06 01.00 0.09 0.10 0.20 0.30 Corn-Cob-Mix Kolben + Körner
GR  0.0 0.17 00.45 00.04 00.00 0.00 0.10 0.00 0.00 Grünland Schnittnutzung
GR  0.0 0.20 00.50 00.03 00.00 0.00 0.10 0.60 0.90 Gras. Futter Grünmasse
H   1.2 0.86 01.50 00.12 00.50 0.09 0.10 0.00 0.00 Hafer
OA  1.2 0.86 01.50 00.12 00.50 0.09 0.10 0.00 0.00 Hafer
K   0.5 0.27 00.35 00.03 00.20 0.02 0.16 0.10 0.15 Kartoffeln
LUP 1.9 0.86 04.50 00.25 00.80 0.05 0.10 0.67 1.00 Lupinen
ORH 999 0.10 00.45 00.10 00.00 0.00 0.10 0.67 1.00 Ölrettich
SE  999 0.10 00.45 00.05 00.00 0.00 0.10 0.60 0.90 Senf Zwischenfrucht 
SG  0.7 0.86 01.40 00.12 00.50 0.09 0.10 0.00 0.00 Sommergerste
SM  .15 0.28 00.38 00.03 00.38 0.00 0.10 0.25 0.30 Silomais
SW  1.0 0.86 02.60 00.12 00.50 0.09 0.10 0.00 0.00 Sommerweizen
TR  0.8 0.86 01.90 00.12 00.50 0.09 0.10 0.00 0.00 Triticale Korn
WG  1.0 0.86 01.80 00.12 00.50 0.09 0.10 0.00 0.00 Wintergerste
WR  1.2 0.86 01.60 00.12 00.50 0.10 0.10 0.00 0.00 Winterroggen
WRA 2.0 0.91 03.30 00.39 00.55 0.27 0.10 0.25 0.38 Winterraps
WRC 999 0.91 03.30 00.39 00.55 0.27 0.10 0.25 0.38 Winterraps catch crop
WW  1.0 0.86 01.90 00.12 00.50 0.09 0.10 0.00 0.00 W.Weizen
ZR  0.8 0.22 00.18 00.01 00.40 0.05 0.16 0.67 1.00 Zuckerrüben
AA  0.0 0.10 00.45 00.10 00.00 0.00 0.10 0.67 1.00 alfalfa
OA  0.7 0.86 01.40 00.12 00.50 0.09 0.10 0.00 0.00 Oat
OEL 999 0.10 00.45 00.05 00.00 0.00 0.10 0.40 0.90 Oellein Zwischenfrucht
ERB 1.0 0.86 03.60 01.50 01.50 0.00 0.10 0.60 0.00 Felderbse 
PH  999 0.10 00.45 00.05 00.00 0.00 0.10 0.40 0.90 Phazelia
SOY 2.0 0.86 04.10 00.20 00.80 0.05 0.10 0.67 1.00 Soyabohne