SID Corg Te  lb B St C/N C/S Hy Rd NuHo  FC WP PS S% SI% C% lamda DraiT  Drai% GW LBG
001 1.14 ULS 03 2 00 10      00 03 01   31 16 45 26 63 11 00  20   00 99 01
002 1.14 ULS 03 2 00 10      00 05 02   31 16 45 26 63 11 00  20   00 99 01
002 0.40 ULS 20 2 00 10      00         29 19 45 26 63 11 00  20   00       
003 1.40 SL3 03 3 00 10      00 01 01   24 10 40 73 18 09 00  20   00 99 01
004 0.70 SL3 03 3 00 10      00 03 01   20 09 40 78 13 09 00  20   00 99 01
005 0.70 SL3 03 3 00 10      00 05 02   20 09 40 78 13 09 00  20   00 99 01
005 0.31 SL3 20 3 00 10      00         18 09 40 77 13 10 00  20   00       
006 0.70 SL2 03 4 00 10      00 13 02   18 08 36 86 09 05 00  20   00 99 01
006 0.30 SL2 20 3 00 10      00         16 08 38 82 11 07 00  20   00       
007 1.61 LS3 03 2 00 10      00 01 01   32 17 48 42 34 24 00  20   00 99 01
008 2.18 SS  03 4 00 10      00 13 02   22 09 35 87 09 04 00  20   00 99 01
008 0.39 SS  20 4 00 10      00         15 07 34 88 08 04 00  20   00       
009 1.05 LS3 03 2 00 10      00 13 02   29 15 46 47 33 20 00  20   00 99 01
009 0.41 LS4 20 2 00 10      00         26 15 46 51 29 20 00  20   00       
010 1.97 SU2 03 4 00 10      00 05 02   22 09 35 86 10 04 00  20   00 99 01
010 0.91 SL2 20 4 00 10      00         19 08 36 85 10 05 00  20   00       
011 33.6 TU3 03 1 00 10      00 13 02   40 21 90 20 40 40 00  20   00 99 01
011 32.9 LU  20 1 00 10      00         37 16 89 47 26 27 00  20   00       
012 0.50 SL2 03 4 00 10      00 13 02   16 07 36 89 06 05 00  20   00 99 01
012 0.30 SL2 20 4 00 10      00         14 06 36 89 06 05 00  20   00       
013 0.50 SL2 03 4 00 10      00 13 02   16 07 36 88 07 05 00  20   00 99 01
013 0.23 SL2 20 4 00 10      00         13 06 36 89 06 05 00  20   00       
014 35.3 LU  03 1 00 10      00 13 02   37 15 90 18 61 21 00  20   00 99 01
014 39.1 LU  20 1 00 10      00         37 14 91 18 61 21 00  20   00       
015 1.39 LS3 03 2 00 10      00 13 02   31 16 47 42 37 21 00  20   00 99 01
015 0.60 LS3 20 2 00 10      00         28 16 46 46 34 20 00  20   00       
016 1.97 SU2 03 4 00 10      00 13 02   22 09 35 86 10 04 00  20   00 99 01
016 0.91 SL2 20 4 00 10      00         19 08 36 85 10 05 00  20   00       
017 39.4 LT2 03 1 00 10      00 13 02   38 18 91 35 33 32 00  20   00 99 01
017 38.5 LU  20 1 00 10      00         36 15 91 52 23 25 00  20   00       
018 5.27 SLU 03 1 00 10      00 05 02   31 11 70 50 40 10 00  20   00 99 01
018 0.81 SL3 20 3 00 10      00         25 13 42 55 35 10 00  20   00       
019 0.40 SL2 03 4 00 10      00 13 02   15 06 35 90 05 05 00  20   00 99 01
019 0.21 SL2 20 4 00 10      00         13 06 35 90 05 05 00  20   00       
020 1.39 LS3 03 2 00 10      00 05 02   31 16 47 42 37 21 00  20   00 99 01
020 0.60 LS3 20 2 00 10      00         28 16 46 46 34 20 00  20   00       
021 33.6 TU3 03 1 00 10      00 03 01   40 21 90 20 40 40 00  20   00 99 01
022 1.61 LS3 03 2 00 10      00 03 01   32 17 48 42 34 24 00  20   00 99 01
023 2.95 ULS 03 2 00 10      00 05 02   34 13 45 24 64 12 00  20   00 99 01
023 1.15 ULS 20 2 00 10      00         31 16 46 29 57 14 00  20   00       
024 1.45 LS3 03 2 00 10      00 13 02   31 16 47 42 38 20 00  20   00 99 01
024 0.50 LS3 20 2 00 10      00         27 16 46 45 35 20 00  20   00       
025 1.00 LS3 03 2 00 10      00 13 02   30 17 47 42 36 22 00  20   00 99 01
025 0.37 LU  20 2 00 10      00         28 18 48 41 34 25 00  20   00       
026 4.59 LS2 03 1 00 10      00 13 02   34 15 68 38 42 20 00  20   00 99 01
026 0.67 LT2 20 2 00 10      00         31 19 49 38 32 30 00  20   00       
027 2.18 SS  03 4 00 10      00 05 02   22 09 35 87 09 04 00  20   00 99 01
027 0.39 SS  20 4 00 10      00         15 07 34 88 08 04 00  20   00       
028 1.17 LS3 03 2 00 10      00 05 02   31 17 47 40 39 21 00  20   00 99 01
028 0.40 LU  20 2 00 10      00         28 18 48 41 34 25 00  20   00       
029 1.25 TU2 03 1 00 10      00 13 02   40 26 54 17 32 51 00  20   00 99 01
029 0.45 TL  20 1 00 10      00         38 26 54 19 29 52 00  20   00       
030 1.40 SL3 03 3 00 10      00 03 01   24 10 40 73 18 09 00  20   00 99 01
031 1.65 TL  03 1 00 10      00 13 02   42 26 54 16 29 55 00  20   00 99 01
031 0.77 TL  20 1 00 10      00         41 26 54 18 24 58 00  20   00       
032 0.96 TL  03 1 00 10      00 13 02   39 25 54 20 29 51 00  20   00 99 01
032 0.43 TL  20 1 00 10      00         38 26 54 18 29 53 00  20   00       
033 2.22 LS2 03 2 00 10      00 13 02   33 16 47 32 49 19 00  20   00 99 01
033 0.50 LU  20 2 00 10      00         31 21 49 25 51 24 00  20   00       
034 2.59 SL3 03 3 00 10      00 13 02   25 10 39 79 13 08 00  20   00 99 01
034 1.29 SL3 20 1 00 10      00         22 09 55 79 13 08 00  20   00       
035 1.65 SS  03 4 00 10      00 05 02   20 08 33 90 07 03 00  20   00 99 01
035 0.57 SS  20 4 00 10      00         16 07 34 90 06 04 00  20   00       
036 2.02 SL2 03 3 00 10      00 05 02   22 09 37 86 08 06 00  20   00 99 01
036 0.51 ST2 20 3 00 10      00         17 07 39 86 06 08 00  20   00       
037 4.54 TL  03 1 00 10      00 13 02   44 25 68 17 29 54 00  20   00 99 01
037 1.23 TL  20 1 00 10      00         41 24 54 22 25 53 00  20   00       
038 1.07 LS2 03 2 00 10      00 13 02   31 18 48 37 40 23 00  20   00 99 01
038 0.37 LU  20 2 00 10      00         29 20 49 36 36 28 00  20   00       
039 1.17 LS3 03 2 00 10      00 13 02   31 17 47 40 39 21 00  20   00 99 01
039 0.40 LU  20 2 00 10      00         28 18 48 41 34 25 00  20   00       
040 2.40 LS3 03 2 00 10      00 03 01   31 15 46 49 31 20 00  20   00 99 01
041 0.70 SL3 03 3 00 10      00 13 02   21 10 40 75 15 10 00  20   00 99 01
041 0.27 SL4 20 3 00 10      00         21 11 43 68 17 15 00  20   00       
042 2.02 SL2 03 3 00 10      00 07 02   22 09 37 86 08 06 00  20   00 99 01
042 0.51 ST2 20 3 00 10      00         17 07 39 86 06 08 00  20   00       
043 0.50 SL2 03 3 00 10      00 13 02   17 08 37 83 11 06 00  20   00 99 01
043 0.30 SL3 20 3 00 10      00         17 08 40 80 11 09 00  20   00       
044 1.95 LS3 03 2 00 10      00 13 02   32 17 48 38 39 23 00  20   00 99 01
044 0.67 LS3 20 2 00 10      00         29 18 48 40 37 23 00  20   00       
045 2.13 LS2 03 2 00 10      00 03 01   32 16 47 37 44 19 00  20   00 99 01
046 0.56 SL3 03 3 00 10      00 13 02   20 09 40 78 13 09 00  20   00 99 01
046 0.30 ST3 20 2 00 10      00         24 12 46 64 13 23 00  20   00       
047 1.00 LS3 03 2 00 10      00 13 02   29 16 46 45 36 19 00  20   00 99 01
047 0.47 LU  20 2 00 10      00         29 19 49 39 34 27 00  20   00       
048 0.75 LS3 03 2 00 10      00 13 02   29 16 47 44 35 21 00  20   00 99 01
048 0.47 LU  20 2 00 10      00         29 18 48 40 35 25 00  20   00       
049 2.02 SL2 03 4 00 10      00 13 02   22 09 36 85 10 05 00  20   00 99 01
049 0.51 SU2 20 4 00 10      00         16 07 35 86 10 04 00  20   00       
050 0.83 LS4 03 2 00 10      00 13 02   29 16 48 47 29 24 00  20   00 99 01
050 0.28 LTS 20 2 00 10      00         30 19 50 39 27 34 00  20   00       
051 0.51 LS4 03 2 00 10      00 13 02   27 15 47 53 24 23 00  20   00 99 01
051 0.30 LTS 20 2 00 10      00         28 17 49 47 23 30 00  20   00       
052 0.65 LS2 03 2 00 10      00 13 02   29 18 48 36 43 21 00  20   00 99 01
052 0.43 LS2 20 2 00 10      00         29 19 48 34 43 23 00  20   00       
053 2.59 SL3 03 3 00 10      00 03 01   25 10 39 79 13 08 00  20   00 99 01
054 0.49 SL2 03 3 00 10      00 13 02   17 08 38 85 08 07 00  20   00 99 01
054 0.40 SL2 20 3 00 10      00         17 07 38 84 09 07 00  20   00       
055 0.70 SL2 03 3 00 10      00 13 02   20 09 38 76 18 06 00  20   00 99 01
055 0.30 SL3 20 3 00 10      00         22 13 41 58 33 09 00  20   00       
056 3.15 SLU 03 1 00 10      00 05 02   31 12 64 48 40 12 00  20   00 99 01
056 1.12 SL4 20 3 00 10      00         27 13 43 55 33 12 00  20   00       
057 1.06 LS3 03 2 00 10      00 13 02   30 16 47 42 38 20 00  20   00 99 01
057 0.43 TU3 20 1 00 10      00         32 21 51 33 31 36 00  20   00       
058 0.70 SL3 03 3 00 10      00 07 02   21 10 40 75 15 10 00  20   00 99 01
058 0.27 SL4 20 3 00 10      00         21 11 43 68 17 15 00  20   00       
059 4.59 US  03 1 00 10      00 05 02   31 08 68 45 52 03 00  20   00 99 01
059 0.81 SU4 20 3 00 10      00         26 12 37 51 45 04 00  20   00       
060 1.65 LS3 03 2 00 10      00 13 02   32 17 48 39 39 22 00  20   00 99 01
060 0.69 LU  20 2 00 10      00         31 19 49 37 35 28 00  20   00       
061 0.87 TU2 03 1 00 10      00 13 02   38 25 53 19 32 49 00  20   00 99 01
061 0.39 TU3 20 1 00 10      00         34 24 52 23 35 42 00  20   00       
062 0.84 LTS 03 2 00 10      00 13 02   35 18 51 43 16 41 00  20   00 99 01
062 0.55 TL  20 1 00 10      00         37 20 52 37 15 48 00  20   00       
063 0.98 LTS 03 1 00 10      00 13 02   37 20 51 38 18 44 00  20   00 99 01
063 0.47 TS2 20 1 00 10      00         38 20 52 35 14 51 00  20   00       
064 0.74 LS3 03 2 00 10      00 13 02   29 17 47 41 37 22 00  20   00 99 01
064 0.36 LU  20 2 00 10      00         29 20 49 37 34 29 00  20   00       
065 0.70 SL3 03 3 00 10      00 13 02   20 09 40 78 13 09 00  20   00 99 01
065 0.31 SL3 20 3 00 10      00         18 09 40 77 13 10 00  20   00       
066 0.40 SL2 03 4 00 10      00 13 02   15 07 36 88 07 05 00  20   00 99 01
066 0.23 SL2 20 4 00 10      00         13 06 36 89 06 05 00  20   00       
067 0.75 LS3 03 2 00 10      00 05 02   29 16 47 44 35 21 00  20   00 99 01
067 0.47 LU  20 2 00 10      00         29 18 48 40 35 25 00  20   00       
068 1.20 ULS 03 2 00 10      00 13 02   30 15 44 35 54 11 00  20   00 99 01
068 0.25 LS2 20 2 00 10      00         27 19 47 37 43 20 00  20   00       
069 1.06 LS3 03 2 00 10      00 05 02   30 16 47 42 38 20 00  20   00 99 01
069 0.43 TU3 20 1 00 10      00         32 21 51 33 31 36 00  20   00       
070 0.87 SL3 03 3 00 10      00 13 02   21 09 40 79 12 09 00  20   00 99 01
070 0.26 SL3 20 3 00 10      00         17 08 40 79 11 10 00  20   00       
071 0.57 SL3 03 3 00 10      00 13 02   19 09 39 80 12 08 00  20   00 99 01
071 0.24 SL3 20 3 00 10      00         17 08 40 79 11 10 00  20   00       
072 0.93 SL3 03 3 00 10      00 13 02   23 10 41 74 16 10 00  20   00 99 01
072 0.23 SL4 20 2 00 10      00         21 11 44 68 16 16 00  20   00       
073 0.86 LS2 03 2 00 10      00 13 02   30 17 47 39 40 21 00  20   00 99 01
073 0.38 LS3 20 2 00 10      00         27 18 47 41 38 21 00  20   00       
074 0.89 SL3 03 3 00 10      00 13 02   22 10 40 76 14 10 00  20   00 99 01
074 0.60 LU  20 2 00 10      00         27 14 47 60 14 26 00  20   00       
075 0.90 SL2 03 3 00 10      00 13 02   22 09 38 73 21 06 00  20   00 99 01
075 0.30 SL4 20 3 00 10      00         22 12 43 61 27 12 00  20   00       
076 0.50 SL2 03 4 00 10      00 15 02   16 07 36 89 06 05 00  20   00 99 01
076 0.30 SL2 20 4 00 10      00         14 06 36 89 06 05 00  20   00       
077 2.18 SS  03 4 00 10      00 15 02   22 09 35 87 09 04 00  20   00 99 01
077 0.39 SS  20 4 00 10      00         15 07 34 88 08 04 00  20   00       
078 1.20 TL  03 1 00 10      00 13 02   39 22 52 31 22 47 00  20   00 99 01
078 0.59 TL  20 1 00 10      00         39 23 53 27 20 53 00  20   00       
079 1.97 SU2 03 4 00 10      00 15 02   22 09 35 86 10 04 00  20   00 99 01
079 0.91 SL2 20 4 00 10      00         19 08 36 85 10 05 00  20   00       
080 39.4 LT2 03 1 00 10      00 15 02   38 18 91 35 33 32 00  20   00 99 01
080 38.5 LU  20 1 00 10      00         36 15 91 52 23 25 00  20   00       
081 1.68 LU  03 2 00 10      00 13 02   33 18 49 35 40 25 00  20   00 99 01
081 0.68 LT2 20 2 00 10      00         33 21 51 30 36 34 00  20   00       
082 0.93 SL3 03 3 00 10      00 15 02   23 10 41 74 16 10 00  20   00 99 01
082 0.23 SL4 20 2 00 10      00         21 11 44 68 16 16 00  20   00       
083 1.59 ULS 03 2 00 10      00 13 02   32 16 46 31 54 15 00  20   00 99 01
083 0.20 LU  20 2 00 10      00         29 24 49 24 50 26 00  20   00       
084 0.63 LTS 03 1 00 10      00 13 02   36 21 52 34 22 44 00  20   00 99 01
084 0.30 TL  20 1 00 10      00         36 22 52 30 21 49 00  20   00       
085 1.00 LS4 03 2 00 10      00 13 02   29 15 47 52 24 24 00  20   00 99 01
085 0.43 LTS 20 2 00 10      00         31 18 50 43 21 36 00  20   00       
086 0.99 LS2 03 2 00 10      00 13 02   30 17 47 37 44 19 00  20   00 99 01
086 0.28 LT2 20 2 00 10      00         30 22 50 31 38 31 00  20   00       
087 1.30 LS2 03 2 00 10      00 13 02   30 16 46 41 40 19 00  20   00 99 01
087 0.44 LS3 20 2 00 10      00         27 17 46 44 37 19 00  20   00       
088 0.70 SL3 03 3 00 10      00 13 02   21 09 40 77 14 09 00  20   00 99 01
088 0.40 LS4 20 2 00 10      00         22 11 44 67 16 17 00  20   00       
089 33.6 TU3 03 1 00 10      00 05 02   40 21 90 20 40 40 00  20   00 99 01
089 32.9 LU  20 1 00 10      00         37 16 89 47 26 27 00  20   00       
090 0.40 ST2 03 3 00 10      00 13 02   18 08 40 82 08 10 00  20   00 99 01
090 0.24 ST3 20 3 00 10      00         20 09 43 75 08 17 00  20   00       
091 0.50 ST2 03 3 00 10      00 13 02   19 08 40 81 09 10 00  20   00 99 01
091 0.30 ST3 20 2 00 10      00         23 11 46 67 10 23 00  20   00       
092 0.60 LS2 03 2 00 10      00 13 02   29 18 47 34 48 18 00  20   00 99 01
092 0.40 LS2 20 2 00 10      00         28 18 47 36 46 18 00  20   00       
093 0.63 SL3 03 3 00 10      00 13 02   20 09 40 80 11 09 00  20   00 99 01
093 0.30 ST3 20 2 00 10      00         23 11 45 68 10 22 00  20   00       
094 1.50 LU  03 2 00 10      00 13 02   33 17 48 24 58 18 00  20   00 99 01
094 0.23 TU3 20 1 00 10      00         32 28 52 12 55 33 00  20   00       
095 0.90 SL2 03 3 00 10      00 13 02   21 09 39 75 19 06 00  20   00 99 01
095 0.28 SL2 20 3 00 10      00         17 08 39 79 14 07 00  20   00       
096 33.6 TU3 03 1 00 10      00 07 02   40 21 90 20 40 40 00  20   00 99 01
096 32.9 LU  20 1 00 10      00         37 16 89 47 26 27 00  20   00       
097 4.59 US  03 1 00 10      00 07 02   31 08 68 45 52 03 00  20   00 99 01
097 0.81 SU4 20 3 00 10      00         26 12 37 51 45 04 00  20   00       
098 1.57 LS3 03 2 00 10      00 13 02   30 15 46 45 36 19 00  20   00 99 01
098 0.56 LS4 20 2 00 10      00         26 15 46 52 29 19 00  20   00       
099 1.40 SL3 03 3 00 10      00 05 02   24 10 40 73 18 09 00  20   00 99 01
099 1.26 SL3 20 1 00 10      00         24 10 54 73 18 09 00  20   00       
100 5.27 SLU 03 1 00 10      00 13 02   31 11 70 50 40 10 00  20   00 99 01
100 0.81 SL3 20 3 00 10      00         25 13 42 55 35 10 00  20   00       
101 2.02 SL2 03 3 00 10      00 03 01   22 09 37 86 08 06 00  20   00 99 01
102 1.00 LS3 03 2 00 10      00 07 02   30 17 47 42 36 22 00  20   00 99 01
102 0.37 LU  20 2 00 10      00         28 18 48 41 34 25 00  20   00       
103 1.45 LS3 03 2 00 10      00 07 02   31 16 47 42 38 20 00  20   00 99 01
103 0.50 LS3 20 2 00 10      00         27 16 46 45 35 20 00  20   00       
104 0.79 SL3 03 3 00 10      00 13 02   22 10 41 76 13 11 00  20   00 99 01
104 0.41 LS4 20 2 00 10      00         25 13 46 62 15 23 00  20   00       
105 39.4 LT2 03 1 00 10      00 05 02   38 18 91 35 33 32 00  20   00 99 01
105 38.5 LU  20 1 00 10      00         36 15 91 52 23 25 00  20   00       
106 0.55 ST2 03 3 00 10      00 13 02   19 09 40 80 10 10 00  20   00 99 01
106 0.26 ST3 20 2 00 10      00         23 12 46 65 13 22 00  20   00       
107 1.45 LS3 03 2 00 10      00 10 02   31 16 47 42 38 20 00  20   00 99 01
107 0.50 LS3 20 2 00 10      00         27 16 46 45 35 20 00  20   00       
108 0.31 SL3 03 3 00 10      00 13 02   18 09 41 77 12 11 00  20   00 99 01
108 0.30 LU  20 2 00 10      00         27 14 48 57 14 29 00  20   00       
109 2.59 SL3 03 3 00 10      00 05 02   25 10 39 79 13 08 00  20   00 99 01
109 2.33 SL3 20 1 00 10      00         25 10 61 79 13 08 00  20   00       
110 0.70 SL3 03 3 00 10      00 10 02   21 10 40 75 15 10 00  20   00 99 01
110 0.27 SL4 20 3 00 10      00         21 11 43 68 17 15 00  20   00       
111 1.17 LS3 03 2 00 10      00 10 02   31 17 47 40 39 21 00  20   00 99 01
111 0.40 LU  20 2 00 10      00         28 18 48 41 34 25 00  20   00       
112 2.02 SL2 03 3 00 10      00 10 02   22 09 37 86 08 06 00  20   00 99 01
112 0.51 ST2 20 3 00 10      00         17 07 39 86 06 08 00  20   00       
113 1.17 LS3 03 2 00 10      00 07 02   31 17 47 40 39 21 00  20   00 99 01
113 0.40 LU  20 2 00 10      00         28 18 48 41 34 25 00  20   00       
114 1.61 LS3 03 2 00 10      00 13 02   32 17 48 42 34 24 00  20   00 99 01
114 0.81 LS3 20 2 00 10      00         30 17 50 42 34 24 00  20   00       
115 1.97 SU2 03 4 00 10      00 03 01   22 09 35 86 10 04 00  20   00 99 01
116 1.45 LS3 03 2 00 10      00 05 02   31 16 47 42 38 20 00  20   00 99 01
116 0.50 LS3 20 2 00 10      00         27 16 46 45 35 20 00  20   00       
117 0.70 SL3 03 3 00 10      00 05 02   21 10 40 75 15 10 00  20   00 99 01
117 0.27 SL4 20 3 00 10      00         21 11 43 68 17 15 00  20   00       
118 4.59 LS2 03 1 00 10      00 05 02   34 15 68 38 42 20 00  20   00 99 01
118 0.67 LT2 20 2 00 10      00         31 19 49 38 32 30 00  20   00       
119 0.65 LS2 03 2 00 10      00 07 02   29 18 48 36 43 21 00  20   00 99 01
119 0.43 LS2 20 2 00 10      00         29 19 48 34 43 23 00  20   00       
120 39.4 LT2 03 1 00 10      00 04 02   38 18 91 35 33 32 00  20   00 99 01
120 38.5 LU  20 1 00 10      00         36 15 91 52 23 25 00  20   00       
121 1.19 TU2 03 1 00 10      00 13 02   39 25 53 19 32 49 00  20   00 99 01
121 0.55 TU2 20 1 00 10      00         36 25 53 21 32 47 00  20   00       
122 4.59 LS2 03 1 00 10      00 10 02   34 15 68 38 42 20 00  20   00 99 01
122 0.67 LT2 20 2 00 10      00         31 19 49 38 32 30 00  20   00       
123 0.98 LS3 03 2 00 10      00 05 02   29 15 46 47 34 19 00  20   00 99 01
123 0.40 LS3 20 2 00 10      00         25 15 46 51 31 18 00  20   00       
124 33.6 TU3 03 1 00 10      00 10 02   40 21 90 20 40 40 00  20   00 99 01
124 32.9 LU  20 1 00 10      00         37 16 89 47 26 27 00  20   00       
125 0.99 LS2 03 2 00 10      00 10 02   30 17 47 37 44 19 00  20   00 99 01
125 0.28 LT2 20 2 00 10      00         30 22 50 31 38 31 00  20   00       
126 0.41 SL2 03 3 00 10      00 13 02   18 08 37 79 15 06 00  20   00 99 01
126 0.17 SL2 20 3 00 10      00         15 08 37 79 15 06 00  20   00       
127 0.41 SL2 03 3 00 10      00 10 02   18 08 37 79 15 06 00  20   00 99 01
127 0.17 SL2 20 3 00 10      00         15 08 37 79 15 06 00  20   00       
128 0.75 LS3 03 2 00 10      00 10 02   29 16 47 44 35 21 00  20   00 99 01
128 0.47 LU  20 2 00 10      00         29 18 48 40 35 25 00  20   00       
129 1.17 TL  03 1 00 10      00 10 02   39 24 53 23 29 48 00  20   00 99 01
129 0.57 TL  20 1 00 10      00         36 23 52 26 29 45 00  20   00       
130 2.18 SS  03 4 00 10      00 07 02   22 09 35 87 09 04 00  20   00 99 01
130 0.39 SS  20 4 00 10      00         15 07 34 88 08 04 00  20   00       
131 0.50 SL2 03 4 00 10      00 07 02   16 07 36 89 06 05 00  20   00 99 01
131 0.30 SL2 20 4 00 10      00         14 06 36 89 06 05 00  20   00       
132 1.00 LS3 03 2 00 10      00 05 02   30 17 47 42 36 22 00  20   00 99 01
132 0.37 LU  20 2 00 10      00         28 18 48 41 34 25 00  20   00       
133 1.40 SL3 03 3 00 10      00 13 02   24 10 40 73 18 09 00  20   00 99 01
133 0.70 SL3 20 2 00 10      00         21 10 48 73 18 09 00  20   00       
134 0.74 LS3 03 2 00 10      00 06 02   29 17 47 41 37 22 00  20   00 99 01
134 0.36 LU  20 2 00 10      00         29 20 49 37 34 29 00  20   00       
135 0.83 LS4 03 2 00 10      00 06 02   29 16 48 47 29 24 00  20   00 99 01
135 0.28 LTS 20 2 00 10      00         30 19 50 39 27 34 00  20   00       
136 1.40 SL3 03 3 00 10      00 02 01   24 10 40 73 18 09 00  20   00 99 01
137 4.54 TL  03 1 00 10      00 07 02   44 25 68 17 29 54 00  20   00 99 01
137 1.23 TL  20 1 00 10      00         41 24 54 22 25 53 00  20   00       
138 39.4 LT2 03 1 00 10      00 07 02   38 18 91 35 33 32 00  20   00 99 01
138 38.5 LU  20 1 00 10      00         36 15 91 52 23 25 00  20   00       
139 1.00 LS3 03 2 00 10      00 06 02   30 17 47 42 36 22 00  20   00 99 01
139 0.37 LU  20 2 00 10      00         28 18 48 41 34 25 00  20   00       
140 4.59 LS2 03 1 00 10      00 07 02   34 15 68 38 42 20 00  20   00 99 01
140 0.67 LT2 20 2 00 10      00         31 19 49 38 32 30 00  20   00       
141 1.65 LS3 03 2 00 10      00 06 02   32 17 48 39 39 22 00  20   00 99 01
141 0.69 LU  20 2 00 10      00         31 19 49 37 35 28 00  20   00       
142 0.50 SL2 03 4 00 10      00 06 02   16 07 36 89 06 05 00  20   00 99 01
142 0.30 SL2 20 4 00 10      00         14 06 36 89 06 05 00  20   00       
143 4.59 US  03 1 00 10      00 03 01   31 08 68 45 52 03 00  20   00 99 01
144 0.74 LS3 03 2 00 10      00 15 02   29 17 47 41 37 22 00  20   00 99 01
144 0.36 LU  20 2 00 10      00         29 20 49 37 34 29 00  20   00       
145 2.27 TU2 03 1 00 10      00 07 02   43 28 55 08 34 58 00  20   00 99 01
145 2.50 TU2 20 1 00 10      00         43 27 55 11 32 57 00  20   00       
146 0.97 TU2 03 1 00 10      00 13 02   38 26 54 14 39 47 00  20   00 99 01
146 0.45 TU2 20 1 00 10      00         35 27 53 15 40 45 00  20   00       
147 1.17 TL  03 1 00 10      00 13 02   39 24 53 23 29 48 00  20   00 99 01
147 0.57 TL  20 1 00 10      00         36 23 52 26 29 45 00  20   00       
148 2.13 LS2 03 2 00 10      00 05 02   32 16 47 37 44 19 00  20   00 99 01
148 1.92 LS2 20 1 00 10      00         32 16 59 37 44 19 00  20   00       
149 1.30 TU3 03 1 00 10      00 10 02   35 23 51 13 56 31 00  20   00 99 01
149 0.44 TU3 20 1 00 10      00         34 29 53 06 56 38 00  20   00       
150 0.93 TL  03 1 00 10      00 13 02   40 24 53 25 22 53 00  20   00 99 01
150 0.54 TL  20 1 00 10      00         40 24 54 23 21 56 00  20   00       
151 1.30 LS2 03 2 00 10      00 05 02   30 16 46 41 40 19 00  20   00 99 01
151 0.44 LS3 20 2 00 10      00         27 17 46 44 37 19 00  20   00       
152 3.12 TL  03 1 00 10      00 13 02   43 25 64 18 29 53 00  20   00 99 01
152 1.07 LTS 20 1 00 10      00         36 21 52 31 27 42 00  20   00       
153 2.27 TL  03 1 00 10      00 13 02   43 26 54 15 29 56 00  20   00 99 01
153 0.81 TL  20 1 00 10      00         39 24 53 24 24 52 00  20   00       
154 1.64 LU  03 2 00 10      00 13 02   33 18 49 34 41 25 00  20   00 99 01
154 0.78 LU  20 2 00 10      00         32 20 49 34 37 29 00  20   00       
155 0.70 SL3 03 3 00 10      00 05 02   21 09 40 77 14 09 00  20   00 99 01
155 0.40 LS4 20 2 00 10      00         22 11 44 67 16 17 00  20   00       
156 0.74 LS3 03 2 00 10      00 07 02   29 17 47 41 37 22 00  20   00 99 01
156 0.36 LU  20 2 00 10      00         29 20 49 37 34 29 00  20   00       
157 2.78 TU2 03 1 00 10      00 13 02   43 26 54 15 31 54 00  20   00 99 01
157 1.36 TL  20 1 00 10      00         40 24 53 22 27 51 00  20   00       
158 2.18 SS  03 4 00 10      00 03 01   22 09 35 87 09 04 00  20   00 99 01
159 0.83 LS4 03 2 00 10      00 13 02   29 16 47 48 28 24 00  20   00 99 01
159 0.40 LTS 20 2 00 10      00         31 19 50 41 25 34 00  20   00       
160 0.39 SL2 03 4 00 10      00 13 02   15 06 35 90 05 05 00  20   00 99 01
160 0.20 ST2 20 3 00 10      00         14 06 39 87 05 08 00  20   00       
161 0.65 ST2 03 3 00 10      00 05 02   20 09 41 79 10 11 00  20   00 99 01
161 0.20 SL4 20 3 00 10      00         19 09 43 74 11 15 00  20   00       
162 1.00 LS3 03 2 00 10      00 03 01   30 17 47 42 36 22 00  20   00 99 01
163 1.41 TU2 03 1 00 10      00 13 02   39 25 53 19 32 49 00  20   00 99 01
163 0.49 TU2 20 1 00 10      00         38 26 54 18 31 51 00  20   00       
164 0.50 SL3 03 3 00 10      00 13 02   19 09 40 80 11 09 00  20   00 99 01
164 0.28 LU  20 2 00 10      00         24 12 46 63 12 25 00  20   00       
165 0.75 LS3 03 2 00 10      00 07 02   29 16 47 44 35 21 00  20   00 99 01
165 0.47 LU  20 2 00 10      00         29 18 48 40 35 25 00  20   00       
166 2.13 LS2 03 2 00 10      00 07 02   32 16 47 37 44 19 00  20   00 99 01
166 1.70 LS2 20 1 00 10      00         32 16 58 37 44 19 00  20   00       
167 0.83 LS4 03 2 00 10      00 07 02   29 16 47 48 28 24 00  20   00 99 01
167 0.40 LTS 20 2 00 10      00         31 19 50 41 25 34 00  20   00       
168 0.45 ST2 03 3 00 10      00 13 02   19 09 41 80 09 11 00  20   00 99 01
168 0.26 ST3 20 2 00 10      00         21 10 44 72 09 19 00  20   00       
169 0.70 SL3 03 3 00 10      00 07 02   21 09 40 77 14 09 00  20   00 99 01
169 0.40 LS4 20 2 00 10      00         22 11 44 67 16 17 00  20   00       
170 0.75 LS3 03 2 00 10      00 03 01   29 16 47 44 35 21 00  20   00 99 01
171 1.93 SL3 03 3 00 10      00 05 02   24 10 39 76 16 08 00  20   00 99 01
171 1.74 SL3 20 1 00 10      00         24 10 58 76 16 08 00  20   00       
172 1.12 TL  03 1 00 10      00 13 02   41 24 54 22 24 54 00  20   00 99 01
172 0.36 LTS 20 1 00 10      00         34 21 52 34 22 44 00  20   00       
173 0.49 SL2 03 3 00 10      00 03 01   17 08 38 85 08 07 00  20   00 99 01
174 1.17 TL  03 1 00 10      00 05 02   39 24 53 23 29 48 00  20   00 99 01
174 0.57 TL  20 1 00 10      00         36 23 52 26 29 45 00  20   00       
175 1.19 TU2 03 1 00 10      00 07 02   39 25 53 19 32 49 00  20   00 99 01
175 0.55 TU2 20 1 00 10      00         36 25 53 21 32 47 00  20   00       
176 0.70 SL2 03 4 00 10      00 07 02   18 08 36 86 09 05 00  20   00 99 01
176 0.30 SL2 20 3 00 10      00         16 08 38 82 11 07 00  20   00       
177 0.56 SL3 03 3 00 10      00 07 02   20 09 40 78 13 09 00  20   00 99 01
177 0.30 ST3 20 2 00 10      00         24 12 46 64 13 23 00  20   00       
178 1.19 TU2 03 1 00 10      00 05 02   39 25 53 19 32 49 00  20   00 99 01
178 0.55 TU2 20 1 00 10      00         36 25 53 21 32 47 00  20   00       
179 1.60 LU  03 2 00 10      00 13 02   33 18 48 25 54 21 00  20   00 99 01
179 0.40 LU  20 2 00 10      00         31 23 50 23 49 28 00  20   00       
180 1.70 LU  03 2 00 10      00 13 02   33 18 49 38 34 28 00  20   00 99 01
180 0.62 LTS 20 2 00 10      00         33 21 51 34 30 36 00  20   00       
181 2.41 SS  03 4 00 10      00 13 02   22 09 34 90 06 04 00  20   00 99 01
181 0.88 SL2 20 4 00 10      00         18 08 36 89 06 05 00  20   00       
182 1.93 SL3 03 3 00 10      00 07 02   24 10 39 76 16 08 00  20   00 99 01
182 1.54 SL3 20 1 00 10      00         24 10 57 76 16 08 00  20   00       
183 2.41 SS  03 4 00 10      00 05 02   22 09 34 90 06 04 00  20   00 99 01
183 0.88 SL2 20 4 00 10      00         18 08 36 89 06 05 00  20   00       
184 1.65 LS3 03 2 00 10      00 07 02   32 17 48 39 39 22 00  20   00 99 01
184 0.69 LU  20 2 00 10      00         31 19 49 37 35 28 00  20   00       
185 1.07 LS2 03 2 00 10      00 07 02   31 18 48 37 40 23 00  20   00 99 01
185 0.37 LU  20 2 00 10      00         29 20 49 36 36 28 00  20   00       
186 1.07 LS2 03 2 00 10      00 05 02   31 18 48 37 40 23 00  20   00 99 01
186 0.37 LU  20 2 00 10      00         29 20 49 36 36 28 00  20   00       
187 1.19 TU2 03 1 00 10      00 10 02   39 25 53 19 32 49 00  20   00 99 01
187 0.55 TU2 20 1 00 10      00         36 25 53 21 32 47 00  20   00       
188 0.83 LS4 03 2 00 10      00 07 02   29 16 48 47 29 24 00  20   00 99 01
188 0.28 LTS 20 2 00 10      00         30 19 50 39 27 34 00  20   00       
189 0.60 LS2 03 2 00 10      00 10 02   29 18 47 34 48 18 00  20   00 99 01
189 0.40 LS2 20 2 00 10      00         28 18 47 36 46 18 00  20   00       
190 0.98 LS4 03 2 00 10      00 13 02   29 16 47 49 28 23 00  20   00 99 01
190 0.47 LU  20 2 00 10      00         28 17 48 47 26 27 00  20   00       
191 0.55 ST2 03 3 00 10      00 05 02   19 09 40 80 10 10 00  20   00 99 01
191 0.26 ST3 20 2 00 10      00         23 12 46 65 13 22 00  20   00       
192 0.56 SL3 03 3 00 10      00 05 02   20 09 40 78 13 09 00  20   00 99 01
192 0.30 ST3 20 2 00 10      00         24 12 46 64 13 23 00  20   00       
193 3.15 SLU 03 1 00 10      00 13 02   31 12 64 48 40 12 00  20   00 99 01
193 1.12 SL4 20 3 00 10      00         27 13 43 55 33 12 00  20   00       
194 1.20 TL  03 1 00 10      00 13 02   38 23 52 27 27 46 00  20   00 99 01
194 0.57 TL  20 1 00 10      00         39 25 54 21 25 54 00  20   00       
195 2.09 LU  03 2 00 10      00 13 02   34 18 49 23 54 23 00  20   00 99 01
195 0.89 LU  20 2 00 10      00         32 20 48 26 52 22 00  20   00       
196 2.17 LU  03 2 00 10      00 13 02   33 18 49 34 41 25 00  20   00 99 01
196 0.82 LT2 20 2 00 10      00         32 20 50 31 38 31 00  20   00       
197 1.26 LS2 03 2 00 10      00 13 02   32 18 48 35 42 23 00  20   00 99 01
197 0.50 LT2 20 2 00 10      00         32 22 51 29 38 33 00  20   00       
198 1.65 LS3 03 2 00 10      00 10 02   32 17 48 39 39 22 00  20   00 99 01
198 0.69 LU  20 2 00 10      00         31 19 49 37 35 28 00  20   00       
199 1.07 LS2 03 2 00 10      00 10 02   31 18 48 37 40 23 00  20   00 99 01
199 0.37 LU  20 2 00 10      00         29 20 49 36 36 28 00  20   00       
200 2.10 TU3 03 1 00 10      00 05 02   39 24 53 19 37 44 00  20   00 99 01
200 1.89 TU3 20 1 00 10      00         38 24 59 19 37 44 00  20   00       
201 0.98 LS3 03 2 00 10      00 13 02   29 15 46 47 34 19 00  20   00 99 01
201 0.40 LS3 20 2 00 10      00         25 15 46 51 31 18 00  20   00       
202 1.00 LS3 03 2 00 10      00 04 02   30 17 47 42 36 22 00  20   00 99 01
202 0.37 LU  20 2 00 10      00         28 18 48 41 34 25 00  20   00       
203 0.70 SL3 03 3 00 10      00 04 02   21 10 40 75 15 10 00  20   00 99 01
203 0.27 SL4 20 3 00 10      00         21 11 43 68 17 15 00  20   00       
204 0.87 SL3 03 3 00 10      00 04 02   21 09 40 79 12 09 00  20   00 99 01
204 0.26 SL3 20 3 00 10      00         17 08 40 79 11 10 00  20   00       
205 1.45 LS3 03 2 00 10      00 04 02   31 16 47 42 38 20 00  20   00 99 01
205 0.50 LS3 20 2 00 10      00         27 16 46 45 35 20 00  20   00       
206 1.97 SU2 03 4 00 10      00 07 02   22 09 35 86 10 04 00  20   00 99 01
206 0.91 SL2 20 4 00 10      00         19 08 36 85 10 05 00  20   00       
207 0.86 LS2 03 2 00 10      00 07 02   30 17 47 39 40 21 00  20   00 99 01
207 0.38 LS3 20 2 00 10      00         27 18 47 41 38 21 00  20   00       
208 0.93 SL3 03 3 00 10      00 05 02   23 10 41 74 16 10 00  20   00 99 01
208 0.23 SL4 20 2 00 10      00         21 11 44 68 16 16 00  20   00       
209 2.72 LS3 03 2 00 10      00 13 02   33 16 48 41 36 23 00  20   00 99 01
209 1.07 LS3 20 2 00 10      00         30 17 48 44 32 24 00  20   00       
210 1.41 TU2 03 1 00 10      00 10 02   39 25 53 19 32 49 00  20   00 99 01
210 0.49 TU2 20 1 00 10      00         38 26 54 18 31 51 00  20   00       
211 2.13 LS2 03 2 00 10      00 13 02   32 16 47 37 44 19 00  20   00 99 01
211 1.07 LS2 20 1 00 10      00         30 17 53 37 44 19 00  20   00       
212 0.99 LS2 03 2 00 10      00 07 02   30 17 47 37 44 19 00  20   00 99 01
212 0.28 LT2 20 2 00 10      00         30 22 50 31 38 31 00  20   00       
213 0.87 TU2 03 1 00 10      00 05 02   38 25 53 19 32 49 00  20   00 99 01
213 0.39 TU3 20 1 00 10      00         34 24 52 23 35 42 00  20   00       
214 1.59 ULS 03 2 00 10      00 07 02   32 16 46 31 54 15 00  20   00 99 01
214 0.20 LU  20 2 00 10      00         29 24 49 24 50 26 00  20   00       
215 2.18 SS  03 4 00 10      00 04 02   22 09 35 87 09 04 00  20   00 99 01
215 0.39 SS  20 4 00 10      00         15 07 34 88 08 04 00  20   00       
216 1.39 LS3 03 2 00 10      00 07 02   31 16 47 42 37 21 00  20   00 99 01
216 0.60 LS3 20 2 00 10      00         28 16 46 46 34 20 00  20   00       
217 1.17 TL  03 1 00 10      00 04 02   39 24 53 23 29 48 00  20   00 99 01
217 0.57 TL  20 1 00 10      00         36 23 52 26 29 45 00  20   00       
218 0.65 SL3 03 3 00 10      00 05 02   21 10 40 76 14 10 00  20   00 99 01
218 0.57 SL3 20 2 00 10      00         20 09 46 76 14 10 00  20   00       
219 2.40 LS3 03 2 00 10      00 05 02   31 15 46 49 31 20 00  20   00 99 01
219 2.16 LS3 20 1 00 10      00         31 15 60 49 31 20 00  20   00       
220 0.57 SL3 03 3 00 10      00 04 02   19 09 39 80 12 08 00  20   00 99 01
220 0.24 SL3 20 3 00 10      00         17 08 40 79 11 10 00  20   00       
221 2.95 ULS 03 2 00 10      00 13 02   34 13 45 24 64 12 00  20   00 99 01
221 1.15 ULS 20 2 00 10      00         31 16 46 29 57 14 00  20   00       
222 0.83 LS4 03 2 00 10      00 05 02   29 16 48 47 29 24 00  20   00 99 01
222 0.28 LTS 20 2 00 10      00         30 19 50 39 27 34 00  20   00       
223 0.99 LS2 03 2 00 10      00 05 02   30 17 47 37 44 19 00  20   00 99 01
223 0.28 LT2 20 2 00 10      00         30 22 50 31 38 31 00  20   00       
224 1.09 LS3 03 2 00 10      00 05 02   30 16 47 46 33 21 00  20   00 99 01
224 0.98 LS3 20 1 00 10      00         29 16 52 46 33 21 00  20   00       
225 0.93 TL  03 1 00 10      00 05 02   40 24 53 25 22 53 00  20   00 99 01
225 0.54 TL  20 1 00 10      00         40 24 54 23 21 56 00  20   00       
226 1.00 LS3 03 2 00 10      00 05 02   29 16 46 45 36 19 00  20   00 99 01
226 0.47 LU  20 2 00 10      00         29 19 49 39 34 27 00  20   00       
227 0.82 LS2 03 2 00 10      00 13 02   29 17 46 37 45 18 00  20   00 99 01
227 0.38 LT2 20 2 00 10      00         31 21 50 33 35 32 00  20   00       
228 1.83 TU3 03 1 00 10      00 13 02   38 23 52 22 36 42 00  20   00 99 01
228 0.50 TU3 20 1 00 10      00         35 25 53 21 36 43 00  20   00       
229 1.00 LS3 03 2 00 10      00 07 02   29 16 46 45 36 19 00  20   00 99 01
229 0.47 LU  20 2 00 10      00         29 19 49 39 34 27 00  20   00       
230 1.00 LS3 03 2 00 10      00 13 02   30 17 46 42 36 22 00  20   00 99 01
230 0.40 LU  20 2 00 10      00         28 18 46 41 34 25 00  20   00       
231 1.40 SL3 03 3 00 10      00 15 02   24 10 40 73 18 09 00  20   00 99 01
231 0.56 SL3 20 2 00 10      00         21 10 46 73 18 09 00  20   00       
232 1.00 LS3 03 2 00 10      00 15 02   30 17 47 42 36 22 00  20   00 99 01
232 0.37 LU  20 2 00 10      00         28 18 48 41 34 25 00  20   00       
233 0.60 SL3 03 3 00 10      00 15 02   20 09 39 76 16 08 00  20   00 99 01
233 0.24 SL3 20 3 00 10      00         17 09 37 76 16 08 00  20   00       
234 1.45 LS3 03 2 00 10      00 03 01   31 16 47 42 38 20 00  20   00 99 01
235 0.90 SL2 03 3 00 10      00 05 02   22 09 38 73 21 06 00  20   00 99 01
235 0.30 SL4 20 3 00 10      00         22 12 43 61 27 12 00  20   00       
236 1.61 LS3 03 2 00 10      00 07 02   32 17 48 42 34 24 00  20   00 99 01
236 1.29 LS3 20 1 00 10      00         31 17 55 42 34 24 00  20   00       
237 1.65 LU  03 2 00 10      00 13 02   33 19 49 28 47 25 00  20   00 99 01
237 0.78 LU  20 2 00 10      00         31 20 49 28 47 25 00  20   00       
238 0.50 SL2 03 3 00 10      00 05 02   17 08 37 83 11 06 00  20   00 99 01
238 0.30 SL3 20 3 00 10      00         17 08 40 80 11 09 00  20   00       
239 2.62 TU3 03 1 00 10      00 13 02   38 24 53 12 46 42 00  20   00 99 01
239 1.17 TU3 20 1 00 10      00         36 25 53 12 48 40 00  20   00       
240 1.05 TL  03 1 00 10      00 13 02   41 25 54 19 25 56 00  20   00 99 01
240 0.59 TL  20 1 00 10      00         41 26 54 18 24 58 00  20   00       
241 0.65 LS2 03 2 00 10      00 04 02   29 18 48 36 43 21 00  20   00 99 01
241 0.43 LS2 20 2 00 10      00         29 19 48 34 43 23 00  20   00       
242 1.61 LS3 03 2 00 10      00 15 02   32 17 48 42 34 24 00  20   00 99 01
242 0.64 LS3 20 2 00 10      00         29 17 47 42 34 24 00  20   00       
243 1.65 TL  03 1 00 10      00 07 02   42 26 54 16 29 55 00  20   00 99 01
243 0.77 TL  20 1 00 10      00         41 26 54 18 24 58 00  20   00       
244 1.17 TL  03 1 00 10      00 07 02   39 24 53 23 29 48 00  20   00 99 01
244 0.57 TL  20 1 00 10      00         36 23 52 26 29 45 00  20   00       
245 0.86 LS2 03 2 00 10      00 04 02   30 17 47 39 40 21 00  20   00 99 01
245 0.38 LS3 20 2 00 10      00         27 18 47 41 38 21 00  20   00       
246 2.94 TU2 03 1 00 10      00 13 02   40 26 54 10 43 47 00  20   00 99 01
246 0.38 LT2 20 2 00 10      00         31 23 51 27 40 33 00  20   00       
247 0.98 SL3 03 3 00 10      00 13 02   22 10 40 77 13 10 00  20   00 99 01
247 0.69 ST3 20 2 00 10      00         25 12 45 66 15 19 00  20   00       
248 1.13 SL3 03 3 00 10      00 13 02   23 10 40 72 19 09 00  20   00 99 01
248 0.50 SL4 20 3 00 10      00         22 11 42 69 19 12 00  20   00       
249 1.81 TU2 03 1 00 10      00 13 02   39 24 53 19 34 47 00  20   00 99 01
249 0.83 TU3 20 1 00 10      00         36 24 52 24 32 44 00  20   00       
250 0.40 SL2 03 4 00 10      00 13 02   15 07 36 87 08 05 00  20   00 99 01
250 0.24 ST2 20 3 00 10      00         16 08 40 82 08 10 00  20   00       
251 0.86 LS2 03 2 00 10      00 05 02   30 17 47 39 40 21 00  20   00 99 01
251 0.38 LS3 20 2 00 10      00         27 18 47 41 38 21 00  20   00       
252 0.70 SL3 03 3 00 10      00 03 01   21 10 40 75 15 10 00  20   00 99 01
253 2.02 SL2 03 4 00 10      00 05 02   22 09 36 85 10 05 00  20   00 99 01
253 0.51 SU2 20 4 00 10      00         16 07 35 86 10 04 00  20   00       
254 1.61 LS3 03 2 00 10      00 05 02   32 17 48 42 34 24 00  20   00 99 01
254 1.45 LS3 20 1 00 10      00         32 17 56 42 34 24 00  20   00       
255 1.05 LS3 03 2 00 10      00 04 02   29 15 46 47 33 20 00  20   00 99 01
255 0.41 LS4 20 2 00 10      00         26 15 46 51 29 20 00  20   00       
256 2.40 LS3 03 2 00 10      00 13 02   31 15 46 49 31 20 00  20   00 99 01
256 1.20 LS3 20 1 00 10      00         29 15 54 49 31 20 00  20   00       
257 2.29 TL  03 1 00 10      00 03 01   40 22 52 28 25 47 00  20   00 99 01
258 1.20 LS2 03 2 00 10      00 13 02   31 17 48 37 42 21 00  20   00 99 01
258 0.48 LS2 20 2 00 10      00         28 18 47 37 43 20 00  20   00       
259 1.13 LS3 03 2 00 10      00 13 02   30 16 47 42 38 20 00  20   00 99 01
259 0.37 LTS 20 1 00 10      00         34 23 52 28 29 43 00  20   00       
260 33.6 TU3 03 1 00 10      00 06 02   40 21 90 20 40 40 00  20   00 99 01
260 32.9 LU  20 1 00 10      00         37 16 89 47 26 27 00  20   00       
261 0.93 TL  03 1 00 10      00 07 02   40 24 53 25 22 53 00  20   00 99 01
261 0.54 TL  20 1 00 10      00         40 24 54 23 21 56 00  20   00       
262 0.65 LS2 03 2 00 10      00 05 02   29 18 48 36 43 21 00  20   00 99 01
262 0.43 LS2 20 2 00 10      00         29 19 48 34 43 23 00  20   00       
263 2.29 TL  03 1 00 10      00 15 02   40 22 52 28 25 47 00  20   00 99 01
263 0.92 TL  20 1 00 10      00         38 23 51 28 25 47 00  20   00       
264 33.6 TU3 03 1 00 10      00 04 02   40 21 90 20 40 40 00  20   00 99 01
264 32.9 LU  20 1 00 10      00         37 16 89 47 26 27 00  20   00       
265 2.29 TL  03 1 00 10      00 13 02   40 22 52 28 25 47 00  20   00 99 01
265 1.14 TL  20 1 00 10      00         38 23 53 28 25 47 00  20   00       
266 2.29 TL  03 1 00 10      00 07 02   40 22 52 28 25 47 00  20   00 99 01
266 1.84 TL  20 1 00 10      00         40 22 58 28 25 47 00  20   00       
267 0.65 SL3 03 3 00 10      00 13 02   21 10 40 76 14 10 00  20   00 99 01
267 0.32 SL3 20 3 00 10      00         18 09 40 76 14 10 00  20   00       
268 2.59 SL3 03 3 00 10      00 07 02   25 10 39 79 13 08 00  20   00 99 01
268 2.06 SL3 20 1 00 10      00         24 10 60 79 13 08 00  20   00       
269 1.37 LS2 03 2 00 10      00 13 02   32 17 48 35 43 22 00  20   00 99 01
269 0.48 LS2 20 2 00 10      00         29 19 48 35 44 21 00  20   00       
270 1.35 TU3 03 1 00 10      00 13 02   37 25 53 17 40 43 00  20   00 99 01
270 0.46 TU2 20 1 00 10      00         36 27 54 15 38 47 00  20   00       
271 1.20 TL  03 1 00 10      00 05 02   39 22 52 31 22 47 00  20   00 99 01
271 0.59 TL  20 1 00 10      00         39 23 53 27 20 53 00  20   00       
272 0.74 LS3 03 2 00 10      00 05 02   29 17 47 41 37 22 00  20   00 99 01
272 0.36 LU  20 2 00 10      00         29 20 49 37 34 29 00  20   00       
273 2.02 SL2 03 4 00 10      00 07 02   22 09 36 85 10 05 00  20   00 99 01
273 0.51 SU2 20 4 00 10      00         16 07 35 86 10 04 00  20   00       
274 0.98 LS3 03 2 00 10      00 03 01   29 15 46 47 34 19 00  20   00 99 01
275 1.39 LS3 03 2 00 10      00 03 01   31 16 47 42 37 21 00  20   00 99 01
276 1.13 TU2 03 1 00 10      00 13 02   40 27 54 12 36 52 00  20   00 99 01
276 0.42 TU2 20 1 00 10      00         36 26 53 17 35 48 00  20   00       
277 1.20 TU3 03 1 00 10      00 03 01   36 24 52 17 43 40 00  20   00 99 01
278 0.65 ST2 03 3 00 10      00 13 02   20 09 41 79 10 11 00  20   00 99 01
278 0.20 SL4 20 3 00 10      00         19 09 43 74 11 15 00  20   00       
279 2.10 TU3 03 1 00 10      00 13 02   39 24 53 19 37 44 00  20   00 99 01
279 1.05 TU3 20 1 00 10      00         37 25 52 19 37 44 00  20   00       
280 3.10 TL  03 1 00 10      00 07 02   42 23 64 25 26 49 00  20   00 99 01
280 1.00 TL  20 1 00 10      00         38 23 52 26 28 46 00  20   00       
281 0.98 LS4 03 2 00 10      00 07 02   29 16 47 49 28 23 00  20   00 99 01
281 0.47 LU  20 2 00 10      00         28 17 48 47 26 27 00  20   00       
282 2.02 SL2 03 3 00 10      00 13 02   22 09 37 86 08 06 00  20   00 99 01
282 0.51 ST2 20 3 00 10      00         17 07 39 86 06 08 00  20   00       
283 3.15 SLU 03 1 00 10      00 07 02   31 12 64 48 40 12 00  20   00 99 01
283 1.12 SL4 20 3 00 10      00         27 13 43 55 33 12 00  20   00       
284 5.27 SLU 03 1 00 10      00 07 02   31 11 70 50 40 10 00  20   00 99 01
284 0.81 SL3 20 3 00 10      00         25 13 42 55 35 10 00  20   00       
285 1.13 LS3 03 2 00 10      00 03 01   30 16 47 42 38 20 00  20   00 99 01
286 2.72 LS3 03 2 00 10      00 07 02   33 16 48 41 36 23 00  20   00 99 01
286 1.07 LS3 20 2 00 10      00         30 17 48 44 32 24 00  20   00       
287 1.50 LU  03 2 00 10      00 13 02   33 17 49 44 27 29 00  20   00 99 01
287 0.65 LTS 20 2 00 10      00         33 19 50 40 23 37 00  20   00       
288 1.12 TU3 03 1 00 10      00 13 02   36 22 52 27 32 41 00  20   00 99 01
288 0.50 LTS 20 2 00 10      00         32 20 50 37 27 36 00  20   00       
289 6.74 LS2 03 1 00 10      00 07 02   35 15 72 32 47 21 00  20   00 99 01
289 1.99 LS2 20 2 00 10      00         33 17 48 34 44 22 00  20   00       
290 1.20 TL  03 1 00 10      00 07 02   39 22 52 31 22 47 00  20   00 99 01
290 0.59 TL  20 1 00 10      00         39 23 53 27 20 53 00  20   00       
291 0.82 LS2 03 2 00 10      00 07 02   29 17 46 37 45 18 00  20   00 99 01
291 0.38 LT2 20 2 00 10      00         31 21 50 33 35 32 00  20   00       
292 2.10 TU3 03 1 00 10      00 03 01   39 24 53 19 37 44 00  20   00 99 01
293 3.10 TL  03 1 00 10      00 05 02   42 23 64 25 26 49 00  20   00 99 01
293 1.00 TL  20 1 00 10      00         38 23 52 26 28 46 00  20   00       
294 1.83 TU3 03 1 00 10      00 03 01   38 23 52 22 36 42 00  20   00 99 01
295 1.20 TU3 03 1 00 10      00 05 02   36 24 52 17 43 40 00  20   00 99 01
295 0.37 TU3 20 1 00 10      00         32 26 51 16 51 33 00  20   00       
296 1.07 TU3 03 1 00 10      00 03 01   37 24 52 20 37 43 00  20   00 99 01
297 1.88 TL  03 1 00 10      00 03 01   44 28 56 11 28 61 00  20   00 99 01
298 0.96 TL  03 1 00 10      00 03 01   39 25 54 20 29 51 00  20   00 99 01
299 1.24 TL  03 1 00 10      00 13 02   42 27 55 13 29 58 00  20   00 99 01
299 0.47 TL  20 1 00 10      00         41 27 55 15 24 61 00  20   00       
300 1.96 TU2 03 1 00 10      00 13 02   40 24 53 22 31 47 00  20   00 99 01
300 0.89 TL  20 1 00 10      00         40 25 54 20 26 54 00  20   00       
301 0.60 LS2 03 2 00 10      00 05 02   29 18 47 34 48 18 00  20   00 99 01
301 0.40 LS2 20 2 00 10      00         28 18 47 36 46 18 00  20   00       
302 1.07 TU3 03 1 00 10      00 13 02   37 24 52 20 37 43 00  20   00 99 01
302 0.40 TU3 20 1 00 10      00         34 24 52 23 36 41 00  20   00       
303 2.54 TL  03 1 00 10      00 13 02   43 26 54 15 30 55 00  20   00 99 01
303 1.20 TU3 20 1 00 10      00         37 25 53 17 39 44 00  20   00       
304 0.53 TL  03 1 00 10      00 13 02   38 25 54 22 26 52 00  20   00 99 01
304 0.38 TL  20 1 00 10      00         38 24 54 24 23 53 00  20   00       
305 0.54 TL  03 1 00 10      00 13 02   38 26 54 19 29 52 00  20   00 99 01
305 0.38 LTS 20 1 00 10      00         33 21 51 33 28 39 00  20   00       
306 1.30 LS2 03 2 00 10      00 13 02   32 18 49 31 45 24 00  20   00 99 01
306 0.44 LT2 20 1 00 10      00         32 24 51 22 45 33 00  20   00       
307 0.42 LS2 03 2 00 10      00 05 02   28 19 48 37 42 21 00  20   00 99 01
307 0.30 LS3 20 2 00 10      00         27 18 47 41 37 22 00  20   00       
308 2.10 TU2 03 1 00 10      00 13 02   39 25 53 13 42 45 00  20   00 99 01
308 0.86 TU3 20 1 00 10      00         36 26 53 13 44 43 00  20   00       
309 0.82 LS2 03 2 00 10      00 05 02   29 17 46 37 45 18 00  20   00 99 01
309 0.38 LT2 20 2 00 10      00         31 21 50 33 35 32 00  20   00       
310 1.15 LS3 03 2 00 10      00 13 02   31 17 48 40 37 23 00  20   00 99 01
310 0.35 LT2 20 2 00 10      00         30 20 50 35 33 32 00  20   00       
311 0.83 LS4 03 2 00 10      00 03 01   29 16 47 48 28 24 00  20   00 99 01
312 1.30 LS2 03 2 00 10      00 03 01   32 18 49 31 45 24 00  20   00 99 01
313 0.98 LS4 03 2 00 10      00 05 02   29 16 47 49 28 23 00  20   00 99 01
313 0.47 LU  20 2 00 10      00         28 17 48 47 26 27 00  20   00       
314 0.36 SL4 03 3 00 10      00 13 02   19 09 42 76 12 12 00  20   00 99 01
314 0.34 SL4 20 3 00 10      00         21 11 43 70 14 16 00  20   00       
315 3.10 TL  03 1 00 10      00 13 02   42 23 64 25 26 49 00  20   00 99 01
315 1.00 TL  20 1 00 10      00         38 23 52 26 28 46 00  20   00       
316 1.20 TL  03 1 00 10      00 07 02   38 23 52 27 27 46 00  20   00 99 01
316 0.57 TL  20 1 00 10      00         39 25 54 21 25 54 00  20   00       
317 0.86 LS2 03 2 00 10      00 15 02   30 17 47 39 40 21 00  20   00 99 01
317 0.38 LS3 20 2 00 10      00         27 18 47 41 38 21 00  20   00       
318 39.4 LT2 03 1 00 10      00 10 02   38 18 91 35 33 32 00  20   00 99 01
318 38.5 LU  20 1 00 10      00         36 15 91 52 23 25 00  20   00       
319 1.07 LS2 03 2 00 10      00 06 02   31 18 48 37 40 23 00  20   00 99 01
319 0.37 LU  20 2 00 10      00         29 20 49 36 36 28 00  20   00       
320 1.43 TL  03 1 00 10      00 07 02   40 24 53 21 29 50 00  20   00 99 01
320 0.57 TL  20 1 00 10      00         38 25 54 21 28 51 00  20   00       
321 0.46 LU  03 2 00 10      00 13 02   29 20 49 34 41 25 00  20   00 99 01
321 0.32 LS3 20 2 00 10      00         27 18 48 43 34 23 00  20   00       
322 0.46 LU  03 2 00 10      00 03 01   29 20 49 34 41 25 00  20   00 99 01
323 0.42 LS2 03 2 00 10      00 13 02   28 19 48 37 42 21 00  20   00 99 01
323 0.30 LS3 20 2 00 10      00         27 18 47 41 37 22 00  20   00       
324 39.4 LT2 03 1 00 10      00 06 02   38 18 91 35 33 32 00  20   00 99 01
324 38.5 LU  20 1 00 10      00         36 15 91 52 23 25 00  20   00       
325 1.93 SL3 03 3 00 10      00 13 02   24 10 39 76 16 08 00  20   00 99 01
325 0.96 SL3 20 1 00 10      00         22 09 52 76 16 08 00  20   00       
326 1.02 ST2 03 3 00 10      00 13 02   21 09 40 82 08 10 00  20   00 99 01
326 0.40 TS4 20 2 00 10      00         29 14 48 56 12 32 00  20   00       
327 0.43 ST3 03 2 00 10      00 13 02   25 12 46 66 10 24 00  20   00 99 01
327 0.24 SL2 20 3 00 10      00         15 07 38 86 07 07 00  20   00       
328 4.59 LS2 03 1 00 10      00 12 02   34 15 68 38 42 20 00  20   00 99 01
328 0.67 LT2 20 2 00 10      00         31 19 49 38 32 30 00  20   00       
329 1.58 SL4 03 3 00 10      00 13 02   25 11 42 74 14 12 00  20   00 99 01
329 0.76 SL4 20 3 00 10      00         24 11 43 72 12 16 00  20   00       
330 2.95 ULS 03 2 00 10      00 10 02   34 13 45 24 64 12 00  20   00 99 01
330 1.15 ULS 20 2 00 10      00         31 16 46 29 57 14 00  20   00       
331 0.83 LS4 03 2 00 10      00 05 02   29 16 47 48 28 24 00  20   00 99 01
331 0.40 LTS 20 2 00 10      00         31 19 50 41 25 34 00  20   00       
332 0.49 SL2 03 3 00 10      00 15 02   17 08 38 85 08 07 00  20   00 99 01
332 0.40 SL2 20 3 00 10      00         17 07 38 84 09 07 00  20   00       
333 1.42 LU  03 2 00 10      00 13 02   33 19 49 29 45 26 00  20   00 99 01
333 0.56 LS2 20 2 00 10      00         30 20 49 29 47 24 00  20   00       
334 0.40 SL2 03 4 00 10      00 13 02   15 06 36 89 06 05 00  20   00 99 01
334 0.20 SL2 20 4 00 10      00         13 06 35 90 05 05 00  20   00       
335 0.70 SL3 03 3 00 10      00 10 02   20 09 40 78 13 09 00  20   00 99 01
335 0.31 SL3 20 3 00 10      00         18 09 40 77 13 10 00  20   00       
336 2.02 SL2 03 4 00 10      00 03 01   22 09 36 85 10 05 00  20   00 99 01
337 0.79 SL3 03 3 00 10      00 07 02   22 10 41 76 13 11 00  20   00 99 01
337 0.41 LS4 20 2 00 10      00         25 13 46 62 15 23 00  20   00       
338 2.22 LS2 03 2 00 10      00 07 02   33 16 47 32 49 19 00  20   00 99 01
338 0.50 LU  20 2 00 10      00         31 21 49 25 51 24 00  20   00       
339 1.07 LS2 03 2 00 10      00 03 01   31 18 48 37 40 23 00  20   00 99 01
340 1.25 TU2 03 1 00 10      00 05 02   40 26 54 17 32 51 00  20   00 99 01
340 0.45 TL  20 1 00 10      00         38 26 54 19 29 52 00  20   00       
341 0.98 LTS 03 1 00 10      00 03 01   37 20 51 38 18 44 00  20   00 99 01
342 1.09 LS3 03 2 00 10      00 03 01   30 16 47 46 33 21 00  20   00 99 01
343 1.14 LS2 03 2 00 10      00 00 01   30 16 47 39 42 19 00  20   00 99 01
344 1.30 TU3 03 1 00 10      00 03 01   36 26 53 07 54 39 00  20   00 99 01
345 0.51 LS4 03 2 00 10      00 07 02   27 15 47 53 24 23 00  20   00 99 01
345 0.30 LTS 20 2 00 10      00         28 17 49 47 23 30 00  20   00       
346 1.37 SL4 03 3 00 10      00 13 02   25 11 42 71 17 12 00  20   00 99 01
346 0.41 SL4 20 3 00 10      00         21 11 43 69 17 14 00  20   00       
347 1.30 LS2 03 2 00 10      00 10 02   30 16 46 41 40 19 00  20   00 99 01
347 0.44 LS3 20 2 00 10      00         27 17 46 44 37 19 00  20   00       
348 1.58 SL4 03 3 00 10      00 07 02   25 11 42 74 14 12 00  20   00 99 01
348 0.76 SL4 20 3 00 10      00         24 11 43 72 12 16 00  20   00       
349 0.57 SL3 03 3 00 10      00 10 02   19 09 39 80 12 08 00  20   00 99 01
349 0.24 SL3 20 3 00 10      00         17 08 40 79 11 10 00  20   00       
350 1.50 LU  03 2 00 10      00 10 02   33 17 48 24 58 18 00  20   00 99 01
350 0.23 TU3 20 1 00 10      00         32 28 52 12 55 33 00  20   00       
351 0.74 LS3 03 2 00 10      00 10 02   29 17 47 41 37 22 00  20   00 99 01
351 0.36 LU  20 2 00 10      00         29 20 49 37 34 29 00  20   00       
352 1.13 LS3 03 2 00 10      00 10 02   30 16 47 42 38 20 00  20   00 99 01
352 0.37 LTS 20 1 00 10      00         34 23 52 28 29 43 00  20   00       
353 0.65 LS2 03 2 00 10      00 10 02   29 18 48 36 43 21 00  20   00 99 01
353 0.43 LS2 20 2 00 10      00         29 19 48 34 43 23 00  20   00       
354 1.37 LS2 03 2 00 10      00 10 02   32 17 48 35 43 22 00  20   00 99 01
354 0.48 LS2 20 2 00 10      00         29 19 48 35 44 21 00  20   00       
355 1.26 LS2 03 2 00 10      00 10 02   32 18 48 35 42 23 00  20   00 99 01
355 0.50 LT2 20 2 00 10      00         32 22 51 29 38 33 00  20   00       
356 0.50 SL2 03 4 00 10      00 10 02   16 07 36 89 06 05 00  20   00 99 01
356 0.30 SL2 20 4 00 10      00         14 06 36 89 06 05 00  20   00       
357 1.05 TL  03 1 00 10      00 10 02   41 25 54 19 25 56 00  20   00 99 01
357 0.59 TL  20 1 00 10      00         41 26 54 18 24 58 00  20   00       
358 0.70 LS4 03 2 00 10      00 10 02   29 16 48 47 29 24 00  20   00 99 01
358 0.28 LTS 20 2 00 10      00         29 19 49 40 29 31 00  20   00       
359 0.87 SL3 03 3 00 10      00 10 02   21 09 40 79 12 09 00  20   00 99 01
359 0.26 SL3 20 3 00 10      00         17 08 40 79 11 10 00  20   00       
360 1.00 LS3 03 2 00 10      00 10 02   30 17 47 42 36 22 00  20   00 99 01
360 0.37 LU  20 2 00 10      00         28 18 48 41 34 25 00  20   00       
361 1.95 LS3 03 2 00 10      00 05 02   32 17 48 38 39 23 00  20   00 99 01
361 0.67 LS3 20 2 00 10      00         29 18 48 40 37 23 00  20   00       
362 1.95 LS3 03 2 00 10      00 10 02   32 17 48 38 39 23 00  20   00 99 01
362 0.67 LS3 20 2 00 10      00         29 18 48 40 37 23 00  20   00       
363 1.05 LS3 03 2 00 10      00 10 02   29 15 46 47 33 20 00  20   00 99 01
363 0.41 LS4 20 2 00 10      00         26 15 46 51 29 20 00  20   00       
364 2.27 TL  03 1 00 10      00 07 02   43 26 54 15 29 56 00  20   00 99 01
364 0.81 TL  20 1 00 10      00         39 24 53 24 24 52 00  20   00       
365 0.98 LS4 03 2 00 10      00 10 02   29 16 47 49 28 23 00  20   00 99 01
365 0.47 LU  20 2 00 10      00         28 17 48 47 26 27 00  20   00       
366 2.18 SS  03 4 00 10      00 10 02   22 09 35 87 09 04 00  20   00 99 01
366 0.39 SS  20 4 00 10      00         15 07 34 88 08 04 00  20   00       
367 0.83 LS4 03 2 00 10      00 10 02   29 16 48 47 29 24 00  20   00 99 01
367 0.28 LTS 20 2 00 10      00         30 19 50 39 27 34 00  20   00       
368 1.59 ULS 03 2 00 10      00 10 02   32 16 46 31 54 15 00  20   00 99 01
368 0.20 LU  20 2 00 10      00         29 24 49 24 50 26 00  20   00       
369 1.39 LS3 03 2 00 10      00 10 02   31 16 47 42 37 21 00  20   00 99 01
369 0.60 LS3 20 2 00 10      00         28 16 46 46 34 20 00  20   00       
370 0.46 LU  03 2 00 10      00 10 02   29 20 49 34 41 25 00  20   00 99 01
370 0.32 LS3 20 2 00 10      00         27 18 48 43 34 23 00  20   00       
371 0.39 SL2 03 4 00 10      00 10 02   15 06 35 90 05 05 00  20   00 99 01
371 0.20 ST2 20 3 00 10      00         14 06 39 87 05 08 00  20   00       
372 0.83 LS4 03 2 00 10      00 10 02   29 16 47 48 28 24 00  20   00 99 01
372 0.40 LTS 20 2 00 10      00         31 19 50 41 25 34 00  20   00       
373 2.22 LS2 03 2 00 10      00 10 02   33 16 47 32 49 19 00  20   00 99 01
373 0.50 LU  20 2 00 10      00         31 21 49 25 51 24 00  20   00       
374 1.89 TU3 03 1 00 10      00 13 02   39 23 52 26 30 44 00  20   00 99 01
374 0.61 TL  20 1 00 10      00         37 24 53 24 27 49 00  20   00       
375 0.48 LU  03 2 00 10      00 13 02   29 18 48 42 31 27 00  20   00 99 01
375 0.38 LTS 20 1 00 10      00         32 21 51 34 28 38 00  20   00       
376 0.68 LS4 03 2 00 10      00 13 02   27 13 46 61 16 23 00  20   00 99 01
376 0.36 LTS 20 2 00 10      00         31 16 50 49 14 37 00  20   00       
377 6.74 LS2 03 1 00 10      00 13 02   35 15 72 32 47 21 00  20   00 99 01
377 1.99 LS2 20 2 00 10      00         33 17 48 34 44 22 00  20   00       
378 0.40 ST2 03 3 00 10      00 07 02   18 08 40 82 08 10 00  20   00 99 01
378 0.24 ST3 20 3 00 10      00         20 09 43 75 08 17 00  20   00       
379 3.43 LS3 03 1 00 10      00 13 02   33 16 65 39 39 22 00  20   00 99 01
379 1.41 LS3 20 2 00 10      00         32 17 48 40 36 24 00  20   00       
380 2.13 LS2 03 2 00 10      00 00 01   32 16 47 37 44 19 00  20   00 99 01
381 1.13 LS3 03 2 00 10      00 07 02   30 16 47 42 38 20 00  20   00 99 01
381 0.37 LTS 20 1 00 10      00         34 23 52 28 29 43 00  20   00       
382 0.77 LU  03 2 00 10      00 13 02   30 17 48 45 29 26 00  20   00 99 01
382 0.38 LTS 20 1 00 10      00         32 20 51 35 28 37 00  20   00       
383 5.17 SLU 03 1 00 10      00 07 02   31 10 70 49 43 08 00  20   00 99 01
383 1.47 SU3 20 3 00 10      00         26 11 40 62 31 07 00  20   00       
384 1.06 LS3 03 2 00 10      00 03 01   30 16 47 42 38 20 00  20   00 99 01
385 0.87 TU2 03 1 00 10      00 07 02   38 25 53 19 32 49 00  20   00 99 01
385 0.39 TU3 20 1 00 10      00         34 24 52 23 35 42 00  20   00       
386 1.68 LU  03 2 00 10      00 10 02   33 18 49 35 40 25 00  20   00 99 01
386 0.68 LT2 20 2 00 10      00         33 21 51 30 36 34 00  20   00       
387 7.75 LS2 03 1 00 10      00 13 02   35 14 74 31 50 19 00  20   00 99 01
387 3.39 LS2 20 1 00 10      00         33 15 65 35 46 19 00  20   00       
388 1.00 LS4 03 2 00 10      00 10 02   29 15 47 52 24 24 00  20   00 99 01
388 0.43 LTS 20 2 00 10      00         31 18 50 43 21 36 00  20   00       
389 0.57 SL3 03 3 00 10      00 07 02   19 09 39 80 12 08 00  20   00 99 01
389 0.24 SL3 20 3 00 10      00         17 08 40 79 11 10 00  20   00       
390 1.25 TL  03 1 00 10      00 13 02   42 26 54 18 26 56 00  20   00 99 01
390 0.66 TL  20 1 00 10      00         42 26 55 18 21 61 00  20   00       
391 1.09 LS3 03 2 00 10      00 13 02   30 16 47 46 33 21 00  20   00 99 01
391 0.55 LS3 20 2 00 10      00         28 16 45 46 33 21 00  20   00       
392 1.25 TU2 03 1 00 10      00 07 02   40 26 54 17 32 51 00  20   00 99 01
392 0.45 TL  20 1 00 10      00         38 26 54 19 29 52 00  20   00       
393 0.49 SL2 03 3 00 10      00 10 02   17 08 38 85 08 07 00  20   00 99 01
393 0.40 SL2 20 3 00 10      00         17 07 38 84 09 07 00  20   00       
394 0.98 LS3 03 2 00 10      00 10 02   29 15 46 47 34 19 00  20   00 99 01
394 0.40 LS3 20 2 00 10      00         25 15 46 51 31 18 00  20   00       
395 2.44 TU3 03 1 00 10      00 13 02   39 24 53 19 37 44 00  20   00 99 01
395 1.25 TU2 20 1 00 10      00         38 26 54 14 39 47 00  20   00       
396 2.72 LS3 03 2 00 10      00 03 01   33 16 48 41 36 23 00  20   00 99 01
397 0.48 LU  03 2 00 10      00 10 02   29 18 48 42 31 27 00  20   00 99 01
397 0.38 LTS 20 1 00 10      00         32 21 51 34 28 38 00  20   00       
398 2.72 LS3 03 2 00 10      00 05 02   33 16 48 41 36 23 00  20   00 99 01
398 1.07 LS3 20 2 00 10      00         30 17 48 44 32 24 00  20   00       
399 2.72 LS3 03 2 00 10      00 10 02   33 16 48 41 36 23 00  20   00 99 01
399 1.07 LS3 20 2 00 10      00         30 17 48 44 32 24 00  20   00       
400 0.56 SL3 03 3 00 10      00 15 02   20 09 40 78 13 09 00  20   00 99 01
400 0.30 ST3 20 2 00 10      00         24 12 46 64 13 23 00  20   00       
401 4.59 US  03 1 00 10      00 13 02   31 08 68 45 52 03 00  20   00 99 01
401 0.81 SU4 20 3 00 10      00         26 12 37 51 45 04 00  20   00       
402 1.43 TL  03 1 00 10      00 05 02   40 24 53 21 29 50 00  20   00 99 01
402 0.57 TL  20 1 00 10      00         38 25 54 21 28 51 00  20   00       
403 0.70 LS4 03 2 00 10      00 03 01   29 16 48 47 29 24 00  20   00 99 01
404 0.74 LS3 03 2 00 10      00 03 01   29 17 47 41 37 22 00  20   00 99 01
405 0.98 LS4 03 2 00 10      00 03 01   29 16 47 49 28 23 00  20   00 99 01
406 0.65 LS2 03 2 00 10      00 03 01   29 18 48 36 43 21 00  20   00 99 01
407 1.37 LS2 03 2 00 10      00 05 02   32 17 48 35 43 22 00  20   00 99 01
407 0.48 LS2 20 2 00 10      00         29 19 48 35 44 21 00  20   00       
408 1.20 TL  03 1 00 10      00 05 02   38 23 52 27 27 46 00  20   00 99 01
408 0.57 TL  20 1 00 10      00         39 25 54 21 25 54 00  20   00       
409 0.36 SL4 03 3 00 10      00 05 02   19 09 42 76 12 12 00  20   00 99 01
409 0.34 SL4 20 3 00 10      00         21 11 43 70 14 16 00  20   00       
410 1.89 TU3 03 1 00 10      00 05 02   39 23 52 26 30 44 00  20   00 99 01
410 0.61 TL  20 1 00 10      00         37 24 53 24 27 49 00  20   00       
411 0.36 SL4 03 3 00 10      00 07 02   19 09 42 76 12 12 00  20   00 99 01
411 0.34 SL4 20 3 00 10      00         21 11 43 70 14 16 00  20   00       
412 0.72 TL  03 1 00 10      00 13 02   40 26 54 17 27 56 00  20   00 99 01
412 0.50 TL  20 1 00 10      00         40 26 54 17 26 57 00  20   00       
413 1.58 SL4 03 3 00 10      00 10 02   25 11 42 74 14 12 00  20   00 99 01
413 0.76 SL4 20 3 00 10      00         24 11 43 72 12 16 00  20   00       
414 1.20 ULS 03 2 00 10      00 07 02   30 15 44 35 54 11 00  20   00 99 01
414 0.25 LS2 20 2 00 10      00         27 19 47 37 43 20 00  20   00       
415 1.58 SL4 03 3 00 10      00 03 01   25 11 42 74 14 12 00  20   00 99 01
416 0.42 LS2 03 2 00 10      00 03 01   28 19 48 37 42 21 00  20   00 99 01
417 1.37 LS2 03 2 00 10      00 07 02   32 17 48 35 43 22 00  20   00 99 01
417 0.48 LS2 20 2 00 10      00         29 19 48 35 44 21 00  20   00       
418 1.83 TU3 03 1 00 10      00 05 02   38 23 52 22 36 42 00  20   00 99 01
418 0.50 TU3 20 1 00 10      00         35 25 53 21 36 43 00  20   00       
419 0.50 ST2 03 3 00 10      00 03 01   19 08 40 81 09 10 00  20   00 99 01
420 1.95 LS3 03 2 00 10      00 03 01   32 17 48 38 39 23 00  20   00 99 01
421 3.27 SL2 03 1 00 10      00 13 02   26 09 65 74 21 05 00  20   00 99 01
421 1.85 SU2 20 4 00 10      00         24 09 35 75 21 04 00  20   00       
422 1.00 LS4 03 2 00 10      00 07 02   29 15 47 52 24 24 00  20   00 99 01
422 0.43 LTS 20 2 00 10      00         31 18 50 43 21 36 00  20   00       
423 0.45 ST2 03 3 00 10      00 07 02   19 09 41 80 09 11 00  20   00 99 01
423 0.26 ST3 20 2 00 10      00         21 10 44 72 09 19 00  20   00       
424 0.70 SL3 03 3 00 10      00 03 01   21 09 40 77 14 09 00  20   00 99 01
425 0.51 LS4 03 2 00 10      00 05 02   27 15 47 53 24 23 00  20   00 99 01
425 0.30 LTS 20 2 00 10      00         28 17 49 47 23 30 00  20   00       
426 1.23 SL3 03 3 00 10      00 13 02   24 10 41 75 14 11 00  20   00 99 01
426 0.94 ST3 20 2 00 10      00         27 13 46 65 13 22 00  20   00       
427 0.96 LS4 03 2 00 10      00 05 02   29 15 47 53 24 23 00  20   00 99 01
427 0.40 LTS 20 2 00 10      00         31 18 50 42 23 35 00  20   00       
428 1.68 LU  03 2 00 10      00 05 02   33 18 49 35 40 25 00  20   00 99 01
428 0.68 LT2 20 2 00 10      00         33 21 51 30 36 34 00  20   00       
429 1.37 SL4 03 3 00 10      00 03 01   25 11 42 71 17 12 00  20   00 99 01
430 0.46 LU  03 2 00 10      00 05 02   29 20 49 34 41 25 00  20   00 99 01
430 0.32 LS3 20 2 00 10      00         27 18 48 43 34 23 00  20   00       
431 0.46 LS3 03 2 00 10      00 13 02   28 18 47 41 38 21 00  20   00 99 01
431 0.36 LS3 20 2 00 10      00         28 18 48 40 37 23 00  20   00       
432 1.23 SL3 03 3 00 10      00 03 01   24 10 41 75 14 11 00  20   00 99 01
433 1.68 LU  03 2 00 10      00 07 02   33 18 49 35 40 25 00  20   00 99 01
433 0.68 LT2 20 2 00 10      00         33 21 51 30 36 34 00  20   00       
434 0.47 LS2 03 2 00 10      00 13 02   29 19 48 36 40 24 00  20   00 99 01
434 0.21 LU  20 2 00 10      00         28 20 49 35 38 27 00  20   00       
435 0.46 LS3 03 2 00 10      00 03 01   28 18 47 41 38 21 00  20   00 99 01
436 6.74 LS2 03 1 00 10      00 05 02   35 15 72 32 47 21 00  20   00 99 01
436 1.99 LS2 20 2 00 10      00         33 17 48 34 44 22 00  20   00       
437 0.47 LS2 03 2 00 10      00 05 02   29 19 48 36 40 24 00  20   00 99 01
437 0.21 LU  20 2 00 10      00         28 20 49 35 38 27 00  20   00       
438 0.50 ST2 03 3 00 10      00 07 02   19 08 40 81 09 10 00  20   00 99 01
438 0.30 ST3 20 2 00 10      00         23 11 46 67 10 23 00  20   00       
439 0.40 SL4 03 3 00 10      00 13 02   21 10 43 72 13 15 00  20   00 99 01
439 0.27 LU  20 2 00 10      00         26 14 48 58 14 28 00  20   00       
440 0.54 TU2 03 1 00 10      00 13 02   39 30 55 06 40 54 00  20   00 99 01
440 0.38 TU2 20 1 00 10      00         36 31 54 05 46 49 00  20   00       
441 1.60 TU2 03 1 00 10      00 05 02   40 26 54 16 33 51 00  20   00 99 01
441 0.60 TU3 20 1 00 10      00         36 25 52 20 36 44 00  20   00       
442 6.74 LS2 03 1 00 10      00 03 01   35 15 72 32 47 21 00  20   00 99 01
443 0.98 LS3 03 2 00 10      00 07 02   29 15 46 47 34 19 00  20   00 99 01
443 0.40 LS3 20 2 00 10      00         25 15 46 51 31 18 00  20   00       
444 1.60 TU2 03 1 00 10      00 13 02   40 26 54 16 33 51 00  20   00 99 01
444 0.60 TU3 20 1 00 10      00         36 25 52 20 36 44 00  20   00       
445 2.27 TU2 03 1 00 10      00 13 02   43 28 55 08 34 58 00  20   00 99 01
445 2.50 TU2 20 1 00 10      00         43 27 55 11 32 57 00  20   00       
446 0.96 TL  03 1 00 10      00 07 02   39 25 54 20 29 51 00  20   00 99 01
446 0.43 TL  20 1 00 10      00         38 26 54 18 29 53 00  20   00       
447 1.20 LS2 03 2 00 10      00 13 02   32 18 49 32 44 24 00  20   00 99 01
447 0.36 TU3 20 1 00 10      00         32 23 51 25 39 36 00  20   00       
448 0.30 ST2 03 3 00 10      00 13 02   17 08 40 83 06 11 00  20   00 99 01
448 0.20 ST3 20 3 00 10      00         19 09 43 76 07 17 00  20   00       
449 0.70 SL3 03 3 00 10      00 15 02   21 10 40 75 15 10 00  20   00 99 01
449 0.27 SL4 20 3 00 10      00         21 11 43 68 17 15 00  20   00       
450 0.70 SL3 03 3 00 10      00 10 02   21 09 40 77 14 09 00  20   00 99 01
450 0.40 LS4 20 2 00 10      00         22 11 44 67 16 17 00  20   00       
451 0.46 LS3 03 2 00 10      00 05 02   28 18 47 41 38 21 00  20   00 99 01
451 0.36 LS3 20 2 00 10      00         28 18 48 40 37 23 00  20   00       
452 0.63 LTS 03 1 00 10      00 05 02   36 21 52 34 22 44 00  20   00 99 01
452 0.30 TL  20 1 00 10      00         36 22 52 30 21 49 00  20   00       
453 1.43 TL  03 1 00 10      00 13 02   40 24 53 21 29 50 00  20   00 99 01
453 0.57 TL  20 1 00 10      00         38 25 54 21 28 51 00  20   00       
454 0.40 SL2 03 4 00 10      00 07 02   15 06 36 89 06 05 00  20   00 99 01
454 0.20 SL2 20 4 00 10      00         13 06 35 90 05 05 00  20   00       
455 1.28 LS2 03 2 00 10      00 07 02   31 17 48 36 42 22 00  20   00 99 01
455 0.60 LU  20 2 00 10      00         31 21 49 30 42 28 00  20   00       
456 1.95 LS3 03 2 00 10      00 07 02   32 17 48 38 39 23 00  20   00 99 01
456 0.67 LS3 20 2 00 10      00         29 18 48 40 37 23 00  20   00       
457 1.83 SL3 03 3 00 10      00 13 02   24 10 40 77 14 09 00  20   00 99 01
457 0.42 ST3 20 2 00 10      00         25 12 46 64 14 22 00  20   00       
458 0.53 SL3 03 3 00 10      00 13 02   20 09 41 77 12 11 00  20   00 99 01
458 0.28 ST3 20 2 00 10      00         23 11 46 67 11 22 00  20   00       
459 2.29 TL  03 1 00 10      00 05 02   40 22 52 28 25 47 00  20   00 99 01
459 2.06 TL  20 1 00 10      00         40 22 60 28 25 47 00  20   00       
460 0.55 SL3 03 3 00 10      00 13 02   19 09 39 80 12 08 00  20   00 99 01
460 0.31 ST3 20 2 00 10      00         23 11 45 67 11 22 00  20   00       
461 0.70 SL4 03 3 00 10      00 13 02   24 11 43 66 21 13 00  20   00 99 01
461 0.38 LS4 20 2 00 10      00         25 15 46 54 26 20 00  20   00       
462 0.56 SL3 03 3 00 10      00 13 02   20 09 41 77 12 11 00  20   00 99 01
462 0.25 LU  20 2 00 10      00         24 12 46 63 12 25 00  20   00       
463 1.89 TU3 03 1 00 10      00 03 01   39 23 52 26 30 44 00  20   00 99 01
464 0.51 LS4 03 2 00 10      00 03 01   27 15 47 53 24 23 00  20   00 99 01
