crp Sow1 Sow2 har2 TSmin Smomin Smomax Hmomin Hmomax Rainav Rainact TACCU Tbase Irrdv1 Irrdv2 Ndem1 Ndem2 Ndem3 stage1 stage 2 stage 3 Twindow orgF  amount appdat Irrlow irrdep irrmax   
SG  1102 0105 0709  7.0   0.0   95.0   0.0    99.0   2.0    0.1     80    0     4      6      60    65    0     S0     0       0       5       RM    200    H1     40     60     20 
WW  0110 1011 0509 18.5 x 0.0   99.9   0.0    99.0   2.0    0.1     0     0     4      6      50    90    60    59     S3      S4      14      RM    200    H1     50     60     25 
SM  0504 1005 1009 8.0    0.0   97.0   0.0    99.0   5.0    0.5     380   0     3      6      110   120   0     S0     S3      0       5       RM    200    H1     45     60     25 
WRA 2608 1009 1508 22.0 x 0.0   98.0   0.0    99.0   2.0    0.1     0     0     4      6      60    90    45    S0     60      S3      10      ---   0      00     40     60     20 
WRC 0608 1908 1002 22.0 x 0.0   97.0   0.0    100    2.0    0.1     0     0     0      0      00    00    00    0      0       0       10      ---   0      00     50     200    0  
WR  0110 1011 0509 18.5 x 0.0   99.9   0.0    99.0   2.0    0.1     0     0     4      6      60    90    00    55     S3      0       14      ---   0      00     40     60     20 
WG  1009 2010 0509 18.5 x 0.0   99.9   0.0    99.0   2.0    0.1     0     0     4      6      55    95    00    55     S3      0       14      ---   0      00     40     60     20 
LUP 1102 0105 0709  7.0   0.0   95.0   0.0    99.0   2.0    0.1     80    0     2      6      00    00    0     0      0       0       5       ---   0      00     40     60     20 
K   2503 1005 1509 6.0    0.0   97.0   0.0    99.0   5.0    0.5     340   0     3      6      80    80    0     S0     S3      0       5       RM    100    H1     50     60     20 
ZR  0104 1005 2510 6.0    0.0   97.0   0.0    99.0   5.0    0.5     340   0     4      6      150   110   0     S0     S3      0       5       RM    200    H1     40     70     20 
TR  0110 1011 0509 18.5 x 0.0   99.9   0.0    99.0   2.0    0.1     0     0     4      6      60    100   0     55     S3      0       14      ---   0      00     40     60     20 
OEL 0608 1909 3012 22.0 x 0.0   97.0   0.0    100    2.0    0.1     0     0     0      0      00    00    00    0      0       0       10      ---   0      00     50     200    5  
PH  0608 1908 1002 22.0 x 0.0   97.0   0.0    100    2.0    0.1     0     0     0      0      00    00    00    0      0       0       10      ---   0      00     50     200    5  
GR  0000 2009 0000 22.0 x 0.0   97.0   0.0    100    2.0    0.1     0     0     1      6      70    00    00    S2     0       0       10      ---   0      00     40     60     20 
AA  0000 2009 0000  7.0   0.0   95.0   0.0    99.0   2.0    0.1     80    0     3      6      00    00    0     0      0       0       5       ---   0      00     10     200    0  
ORH 0608 1109 1002 22.0 x 0.0   97.0   0.0    100    2.0    0.1     0     0     0      0      00    00    00    0      0       0       10      ---   0      00     50     200    0  
SOY 0315 0515 1031 9.1    0.0   95.0   0.0    99.0   2.0    0.1     380   0     2      6      00    00    0     0      0       0       5       ---   0      00     60     60     50 
SE  0608 1908 1002 22.0 x 0.0   97.0   0.0    100    2.0    0.1     0     0     0      0      00    00    00    0      0       0       10      ---   0      00     50     200    5  
LET 2503 1005 1509 6.0    0.0   97.0   0.0    99.0   5.0    0.5     340   0     1      3      125   00    0     S0     0       0       5       RM    100    H1     40     30     20 
WCA 2503 1005 1509 6.0    0.0   97.0   0.0    99.0   5.0    0.5     340   0     1      3      275   00    0     S0     S3      0       5       RM    100    H1     40     50     20 
ONI 2503 1005 1509 6.0    0.0   97.0   0.0    99.0   5.0    0.5     340   0     1      4      125   00    0     S0     S3      0       5       RM    100    H1     40     40     20 
GAR 2503 1005 1509 6.0    0.0   97.0   0.0    99.0   5.0    0.5     340   0     1      4      120   00    0     S0     S3      0       5       RM    100    H1     40     40     20 
CAR 2503 1005 1509 6.0    0.0   97.0   0.0    99.0   5.0    0.5     340   0     1      4      115   00    0     S2     S3      0       5       RM    100    H1     40     60     20 
CEL 2503 1005 1509 6.0    0.0   97.0   0.0    99.0   5.0    0.5     340   0     1      4      200   00    0     S0     S3      0       5       RM    100    H1     40     60     20 
PMK 2503 1005 1509 6.0    0.0   97.0   0.0    99.0   5.0    0.5     340   0     1      4      140   00    0     S0     S3      0       5       RM    100    H1     40     30     20 
