SID Corg Te  Lb B ST C/N C/S Hy Rd NUHo  FC WP PS S% Si C% Lmd  drdp drf
001 1.00 SL3 03 2 00 012 xxx 00 09 04   25 08 40 00 00 00 00  08   0.8
001 0.43 SL3 06 3 00 012 xxx 00         24 08 40 00 00 00 00  08   0.8
001 0.00 SL4 09 3 00 012 xxx 00         25 10 34 00 00 00 00  08   0.8
001 0.00 SLU 20 3 00 012 xxx 00         29 11 37 00 00 00 00  08   0.8
002 1.00 SL3 03 2 00 012 xxx 00 10 04   25 08 40 00 00 00 00  08   0.8
002 0.43 SL3 06 3 00 012 xxx 00         24 08 40 00 00 00 00  08   0.8
002 0.00 SL4 09 3 00 012 xxx 00         25 10 34 00 00 00 00  08   0.8
002 0.00 SLU 20 3 00 012 xxx 00         29 11 37 00 00 00 00  08   0.8
003 1.00 SL3 03 2 00 012 xxx 00 18 04   25 08 40 00 00 00 00  08   0.8
003 0.43 SL3 06 3 00 012 xxx 00         24 08 40 00 00 00 00  08   0.8
003 0.00 SL4 09 3 00 012 xxx 00         25 10 34 00 00 00 00  08   0.8
003 0.00 SLU 20 3 00 012 xxx 00         29 11 37 00 00 00 00  08   0.8
004 1.00 SL2 03 3 00 012 xxx 00 10 04   28 08 43 00 00 00 00  08   0.8
004 0.43 SL2 06 3 00 012 xxx 00         26 07 36 00 00 00 00  08   0.8
004 0.00 LT2 09 3 00 012 xxx 00         36 22 37 00 00 00 00  08   0.8
004 0.00 LT2 20 3 00 012 xxx 00         36 20 37 00 00 00 00  08   0.8
005 1.03 SL2 03 3 00 012 xxx 00 10 04   26 06 42 00 00 00 00  08   0.8
005 0.43 SL2 06 3 00 012 xxx 00         24 07 42 00 00 00 00  08   0.8
005 0.00 LT2 09 3 00 012 xxx 00         31 21 37 00 00 00 00  08   0.8
005 0.00 LT2 12 3 00 012 xxx 00         31 21 37 00 00 00 00  08   0.8
006 1.20 SL4 03 3 00 012 xxx 00 10 04   29 12 38 00 00 00 00  08   0.8
006 0.43 SL4 06 3 00 012 xxx 00         26 11 34 00 00 00 00  08   0.8
006 0.00 LT2 09 3 00 012 xxx 00         32 21 37 00 00 00 00  08   0.8
006 0.00 LT2 12 3 00 012 xxx 00         32 21 37 00 00 00 00  08   0.8
008 1.03 SL2 03 3 00 012 xxx 00 10 04   28 08 42 00 00 00 00  08   0.8
008 0.43 SL2 06 3 00 012 xxx 00         25 07 42 00 00 00 00  08   0.8
008 0.00 LT2 09 3 00 012 xxx 00         32 21 37 00 00 00 00  08   0.8
008 0.00 LT2 12 3 00 012 xxx 00         32 21 37 00 00 00 00  08   0.8
011 15.0 HN  03 3 00 012 xxx 00 06 04   65 34 83 00 00 00 00  08   0.8
011 15.0 HN  06 3 00 012 xxx 00         65 34 83 00 00 00 00  08   0.8
011 0.00 SM  09 3 00 012 xxx 00         11 04 35 00 00 00 00  08   0.8
011 0.00 SM  12 3 00 012 xxx 00         12 04 35 00 00 00 00  08   0.8
112 1.03 SLU 03 3 00 012 xxx 00 10 04   33 12 43 00 00 00 00  08   0.8
112 0.43 SLU 06 3 00 012 xxx 00         30 11 37 00 00 00 00  08   0.8
112 0.00 LS3 09 3 00 012 xxx 00         29 16 36 00 00 00 00  08   0.8
112 0.00 LS3 12 3 00 012 xxx 00         29 16 36 00 00 00 00  08   0.8
014 1.03 SU3 03 3 00 012 xxx 00 10 04   29 06 36 00 00 00 00  08   0.8
014 0.43 SU3 06 3 00 012 xxx 00         26 06 36 00 00 00 00  08   0.8
014 0.00 LS3 09 3 00 012 xxx 00         29 16 36 00 00 00 00  08   0.8
014 0.00 LS3 12 3 00 012 xxx 00         29 16 36 00 00 00 00  08   0.8
016 1.22 SS  03 3 00 012 xxx 00 08 04   23 05 50 00 00 00 00  08   0.8
016 0.58 SS  06 3 00 012 xxx 00         20 05 50 00 00 00 00  08   0.8
016 0.00 SL3 09 3 00 012 xxx 00         29 09 40 00 00 00 00  08   0.8
016 0.00 LS3 12 3 00 012 xxx 00         29 16 36 00 00 00 00  08   0.8
162 1.00 SL4 03 3 00 012 xxx 00 10 04   29 12 38 00 00 00 00  08   0.8
162 0.43 SL4 06 3 00 012 xxx 00         27 11 34 00 00 00 00  08   0.8
162 0.00 LS3 09 3 00 012 xxx 00         29 16 36 00 00 00 00  08   0.8
162 0.00 LS3 12 3 00 012 xxx 00         29 16 36 00 00 00 00  08   0.8
017 1.00 SU2 03 3 00 012 xxx 00 10 04   21 04 49 00 00 00 00  08   0.8
017 0.43 SU2 06 3 00 012 xxx 00         21 04 44 00 00 00 00  08   0.8
017 0.00 LT2 09 3 00 012 xxx 00         31 21 37 00 00 00 00  08   0.8
017 0.00 LT2 12 3 00 012 xxx 00         31 21 37 00 00 00 00  08   0.8
181 15.0 HN  03 3 00 012 xxx 00 06 04   65 34 83 00 00 00 00  08   0.8
181 0.58 SM  06 3 00 012 xxx 00         10 04 42 00 00 00 00  08   0.8
181 0.58 SM  09 3 00 012 xxx 00         11 04 42 00 00 00 00  08   0.8
181 0.58 SM  12 3 00 012 xxx 00         12 04 42 00 00 00 00  08   0.8
182 1.00 SL4 03 3 00 012 xxx 00 10 04   26 11 34 00 00 00 00  08   0.8
182 0.43 SL4 06 3 00 012 xxx 00         24 11 34 00 00 00 00  08   0.8
182 0.00 LS3 09 3 00 012 xxx 00         26 16 36 00 00 00 00  08   0.8
182 0.00 LS3 12 3 00 012 xxx 00         29 16 36 00 00 00 00  08   0.8
183 15.0 HN  03 3 00 012 xxx 00 06 04   65 34 83 00 00 00 00  08   0.8
183 0.37 HN  06 3 00 012 xxx 00         65 34 83 00 00 00 00  08   0.8
183 0.00 HN  09 3 00 012 xxx 00         65 34 83 00 00 00 00  08   0.8
183 0.00 HN  12 3 00 012 xxx 00         65 34 83 00 00 00 00  08   0.8
184 1.03 SLU 03 3 00 012 xxx 00 10 04   33 12 47 00 00 00 00  08   0.8
184 0.43 SLU 06 3 00 012 xxx 00         30 11 37 00 00 00 00  08   0.8
184 0.00 LS3 09 3 00 012 xxx 00         29 16 39 00 00 00 00  08   0.8
184 0.00 LS3 12 3 00 012 xxx 00         29 16 39 00 00 00 00  08   0.8
019 1.03 SLU 03 3 00 012 xxx 00 10 04   32 12 47 00 00 00 00  08   0.8
019 0.43 SLU 06 3 00 012 xxx 00         29 11 36 00 00 00 00  08   0.8
019 0.00 LT2 09 3 00 012 xxx 00         31 21 37 00 00 00 00  08   0.8
019 0.00 LT2 12 3 00 012 xxx 00         31 21 37 00 00 00 00  08   0.8
end