tavg;tmin;tmax;ET0;relhumid;vapp14;wind;sundu;globrad;precip;jday
C_deg;C_deg;C_deg;mm;%;mm_Hg;m/s;hours;J cm-2 d-1;mm;
63;2;-----;-----;-----;-----;-----;-----;------;-- -;-
0.7;-0.8;3.3;0.346;95.1;-99;1.1;0.9;1.30464;0;1
3.8;0.2;6.6;0.379;93.1;-99;2;0;.62208;0.6;2
5.5;2.2;7.8;0.442;95.1;-99;2.9;1.7;1.62432;1.1;3
5.3;3.3;7.7;0.722;86.7;-99;3.3;2.4;1.92672;0.4;4
3.5;0.4;6.6;0.28;97.3;-99;1.6;0;.46656;0;5
3.7;0;8.3;0.286;96.7;-99;2.7;0;.45792;13.8;6
9.2;8;10.2;0.88;88.1;-99;5.6;1.8;1.73664;0.4;7
7.9;7;9.9;0.543;91.2;-99;3.6;0;.46656;5.2;8
7.9;5.9;10.9;0.65;89.9;-99;5;0;.54432;7.9;9
6.2;4.2;7.1;0.742;88.2;-99;5.5;0.9;1.44288;0.8;10
5;3.8;5.9;0.372;94.8;-99;4.6;0;.5184;3.4;11
4.3;1.9;6.3;0.684;86.6;-99;2.6;2.7;2.23776;0.6;12
1.4;-0.5;3.5;0.282;95.8;-99;.4;0;.45792;1.6;13
3.9;3;5.3;0.336;99.5;-99;.9;0.2;1.21824;0;14
2.6;1.1;4.8;0.429;93.9;-99;.8;1.5;1.77984;0;15
1.2;0.5;2.1;0.278;98.4;-99;.4;0;.58752;7.9;16
3.7;0.7;6.6;0.32;99.4;-99;1.4;0.3;1.296;0.3;17
4.1;2.8;5.2;0.335;99.3;-99;.4;0;.92448;0.1;18
1.1;-1.7;3.5;0.298;93.7;-99;0;0;.63936;0;19
-1.9;-2.8;-1.3;0.293;90.6;-99;0;0;.72576;0;20
-2.6;-3.8;-1.8;0.325;94.9;-99;0;0;1.22688;1.1;21
-4.1;-5.6;-2.5;0.317;87.5;-99;0;0.2;1.3824;0;22
-5.4;-9.4;-2.7;0.429;73.5;-99;0;3.7;3.1104;0;23
-8.4;-11;-4.8;0.346;81.6;-99;0;3.2;2.87712;0;24
-11;-13.4;-8.3;0.33;76.5;-99;0;4.4;3.50784;0;25
-12.3;-14.7;-9.9;0.3;85.6;-99;0;4.2;3.47328;0;26
-5.5;-10.1;-3.3;0.293;93.8;-99;0;0;1.3824;3.5;27
-2.7;-5.4;-0.7;0.372;96;-99;0;0.7;1.78848;0.7;28
-6.6;-7.6;-5.4;0.334;79.7;-99;0;1.4;2.16864;0;29
-6.1;-7.4;-4.9;0.279;84.1;-99;0;0;1.28736;0;30
-5;-6.7;-2.4;0.291;89.8;-99;0;0;1.24416;0.2;31
0.5;-5.5;4;0.457;91.4;-99;1.2;1;2.22048;0.4;32
2.4;0;5.1;0.488;96.1;-99;.6;1.7;2.66976;0;33
0.2;-1.5;2.1;0.337;98.8;-99;.8;0;1.65888;0;34
0.6;-2.2;4;0.62;91;-99;.9;4.3;4.29408;0;35
0.5;-1.5;3.2;0.613;91.4;-99;1.8;4.4;4.42368;0;36
3.9;-0.3;8.1;0.679;86.8;-99;1.8;1.8;2.91168;0;37
6.2;2.9;11;1.047;79.8;-99;3.5;1.3;2.69568;3.8;38
5.3;2.3;7.8;0.969;83.8;-99;4.5;2.5;3.43872;3.9;39
5.2;2.7;8.1;1.222;78.6;-99;4.3;4.3;4.67424;0;40
3.9;0.1;8.8;1.151;75.4;-99;2.3;5.5;5.49504;0.5;41
2.7;0.4;4.9;0.401;92.4;-99;2.8;0;.76896;1.7;42
3.9;1.8;6.8;0.946;82.2;-99;2.8;3.6;4.44096;1.3;43
4.6;1.3;8.4;0.925;81.5;-99;2;3.2;4.22496;8.4;44
3.4;0.5;5.6;0.625;92.4;-99;2.4;2.5;3.8448;0.6;45
7.8;3.8;12.1;1.884;68.3;-99;5.8;1.5;3.23136;0.1;46
5.9;1.7;8.8;1.182;81.6;-99;6.4;2.2;3.7584;0.9;47
2.9;-0.8;7.2;0.808;90.1;-99;1.7;4.7;5.81472;0;48
3.8;-1.7;8.9;0.786;89.4;-99;1.6;3.7;4.98528;0.5;49
4.5;1.6;6.3;0.302;98.4;-99;1.9;0;.94176;4;50
7;5.1;10.1;1.106;85.7;-99;3.4;4.7;5.89248;0.3;51
6.9;2.2;10.7;0.797;89.7;-99;3;1.7;3.7152;3.7;52
5;1.2;9.5;1.097;85.1;-99;3.5;5.8;6.86016;0;53
4.9;0.9;9.7;1.222;83.7;-99;3.2;7.4;8.23392;0;54
5.3;-0.1;11;1.602;71;-99;3;7.1;8.13888;0;55
6.2;1.1;12.7;1.387;77.7;-99;1.9;7;8.13024;0;56
7;2.8;12.7;1.078;85.3;-99;.8;4.8;6.5232;0.8;57
6.4;2.1;10.6;0.821;91.9;-99;.8;2.7;4.89888;0;58
6.1;2.9;10.1;0.992;88.9;-99;1.4;4.4;6.40224;0.6;59
4.2;-0.4;9.2;0.999;89.6;-99;1;4.9;7.35264;0;60
4.6;1.9;9.6;0.821;88.3;-99;1.1;2;5.00256;0;61
4.4;1.9;8.4;1.122;86.5;-99;2.4;5.8;8.35488;0;62
4.9;1.7;8.7;0.79;92.7;-99;1.2;2.1;5.25312;0;63
4.6;2.8;6.2;0.324;99.6;-99;1.1;0;1.14048;0;64
4.4;1.2;9.8;1.021;90.6;-99;1.3;4.8;7.81056;1.4;65
5.7;0.3;11.6;1.315;82.4;-99;2.6;5.5;8.63136;0.1;66
6.1;-0.3;11.3;1.662;71.1;-99;1.4;7.6;10.60128;0;67
9.1;2.6;17.6;2.19;66.9;-99;2.7;7.7;10.8432;0;68
9.8;2.1;19.9;2.184;66.5;-99;2.1;7.8;11.13696;0;69
5.9;-1.9;12.3;1.627;78.9;-99;2.1;8.2;11.59488;0;70
5.1;-3.4;15.4;1.62;69.6;-99;.5;8.5;12.0096;0;71
6.6;-2.2;15.7;1.775;70.5;-99;1.2;8;11.73312;0;72
7.1;3.5;12;1.523;80.8;-99;2.7;5.7;9.6768;2.8;73
7.2;5.5;9.1;1.888;76.3;-99;6.4;6.5;10.52352;5;74
8.4;5.8;10.3;0.964;91.2;-99;7.5;2;6.16896;0.2;75
9;7.5;10.8;1.163;86;-99;6.2;0.1;4.38912;0;76
8.6;7.1;12.2;1.136;83.7;-99;2.6;0.7;5.04576;1.9;77
8.1;4.8;9.9;0.817;90.1;-99;4.6;0;3.2832;0;78
12.2;5.7;18.6;3.323;61.2;-99;5.2;8.4;13.176;0;79
9.3;2.7;13.9;1.376;77.5;-99;3.3;0;4.22496;3;80
6;0.4;11.1;1.206;85.4;-99;2.3;3.4;8.17344;1;81
6.3;1.7;11.1;1.631;79.7;-99;1.7;6.7;11.76768;0;82
4.4;-1.2;9.5;1.217;87.4;-99;1.3;4.6;9.69408;0;83
3.8;-1.9;9.4;1.246;84.2;-99;3.2;4.8;9.9792;7;84
5;2.3;10;1.296;85.6;-99;3.4;5;10.33344;0;85
3.9;1.2;8.4;1.219;89.3;-99;2.4;5.6;11.1456;0;86
6.1;3.4;11.7;0.807;94.7;-99;2.2;0.9;5.98752;0;87
7.8;3.7;14.5;1.458;90.4;-99;1.1;5.2;10.86912;0;88
9.7;1.1;18.4;1.992;77.5;-99;.8;7.3;13.37472;0;89
6.8;1.8;13.6;1.542;84.5;-99;1.5;5.5;11.52576;0;90
5.1;3.5;7.2;0.831;89.8;-99;2.4;0;5.23584;0;91
8.4;3.4;14.4;1.892;75.2;-99;3;4.7;10.96416;0;92
7.3;0.9;14.1;2.057;78.3;-99;2.3;8.6;15.67296;0;93
5.1;3.3;8.1;1.483;74.7;-99;4;1.5;7.33536;3;94
7.5;4.9;10.3;0.742;92.1;-99;1.5;0;3.9312;1.1;95
11.1;7.6;16;1.187;94.2;-99;2.6;2.1;8.27712;8.7;96
14.3;11.6;18.4;1.576;89.5;-99;2.4;2.6;8.96832;0;97
11.4;6.5;16.3;1.765;84.2;-99;4.4;3.6;10.30752;2.3;98
8.5;6.5;11.8;1.614;81.5;-99;6.3;2.2;8.61408;0.5;99
7.3;5.5;10.6;1.184;82.2;-99;2.1;0.3;6.33312;0;100
8.8;2.8;14;1.701;83;-99;1.9;4.5;11.67264;0;101
8.4;-0.2;14.8;2.166;72.5;-99;1.4;7.1;15.00768;0.1;102
9.6;6;14.1;2.438;71.3;-99;4.7;5.6;13.3056;3.2;103
6.8;5.5;8.8;1.121;87.4;-99;5.2;0.7;7.14528;2.7;104
6.8;-0.3;10.2;2;75;-99;1.1;13.9;24.24384;0;105
6.2;-1.9;12.7;2.803;71.1;-99;1.1;13.9;24.24384;0;106
8.6;0;14.8;3.235;59.2;-99;4.1;10.6;20.1312;5.1;107
7.1;4.5;10.7;1.316;86.8;-99;2.8;2.3;9.52128;0.6;108
10.7;4.3;17.7;3.016;75.7;-99;3.1;12.2;22.51584;0;109
12.8;7.7;19.3;3.425;72.8;-99;3.5;12.4;22.90464;0.1;110
12.9;9.1;18.5;2.553;80.4;-99;3;7.4;16.5456;0.3;111
13.8;9.8;20;2.807;81.8;-99;2.6;9.1;18.80064;6;112
10.3;7;15.6;1.657;93.3;-99;2.1;4.7;13.18464;0;113
9.6;6.1;14;1.744;90;-99;1.6;4.7;13.27968;0;114
12.7;4.8;20.9;3.423;70.9;-99;1.9;12.1;23.13792;0;115
13.5;4;21.4;3.616;70;-99;2.1;12.4;23.75136;0;116
13.4;7.7;19.3;3.763;72.4;-99;2.9;13.9;25.85952;0;117
13.2;4.3;19.6;4.059;62.9;-99;2.4;14.2;26.3952;0;118
12;1;20.1;3.758;61.9;-99;1.4;13.8;26.0496;0;119
12;1.9;20.4;3.445;66;-99;1.2;12.2;23.89824;0;120
9.8;5.6;13.9;3.278;69.7;-99;3.1;12.8;24.84864;0;121
7.3;0.8;11.5;2.799;57.5;-99;3;7.4;17.5392;0;122
7.5;-2.1;14.1;3.029;63.3;-99;2;11.9;23.77728;0;123
7.8;0.8;11.9;2.487;65.7;-99;3.2;5.9;15.64704;0;124
8.2;-0.5;14.2;2.41;70.2;-99;1.2;7.5;17.928;0;125
12.5;7.8;17.6;2.82;68;-99;2.7;5.6;15.43104;5;126
11.9;7.8;16.6;2.113;86.5;-99;2.8;5.4;15.27552;1.9;127
10.6;8.4;14.4;1.059;96.4;-99;2.8;0.3;8.22528;11.9;128
11;7.2;15.2;1.179;96;-99;2.4;0.8;8.91648;7.4;129
11.3;7.1;14.9;1.705;87.7;-99;3.5;2.8;11.86272;3.8;130
11.4;10.1;13.4;1.785;85.6;-99;4.8;2.7;11.68128;0.4;131
11.1;9.3;14.1;1.755;89.2;-99;3.9;4;13.58208;6.7;132
10.6;8.6;13.3;2.565;78.7;-99;3.5;7.7;18.8352;0.1;133
8.8;5.8;10.5;1.042;92.3;-99;2.6;0;7.24032;2.7;134
10.9;4.4;14.8;3.053;86.1;-99;2.4;12.8;26.25696;0;135
10.6;0.9;16.3;3.501;81.7;-99;2.1;15.3;29.8512;0;136
13.4;4;19;3.8;76.7;-99;2.5;13.9;28.01952;0;137
11.7;9.1;13.4;0.871;93.5;-99;2.1;0;4.54464;6.5;138
13.9;10;17.4;2.174;87.9;-99;1.2;4.2;14.23872;0;139
17.5;6.5;26.3;4.607;74.8;-99;1.3;14.8;29.47104;0;140
21.1;12.7;27.7;5.353;63.9;-99;2.1;14.1;28.56384;0;141
22.2;15.4;28.1;5.753;64.1;-99;2.2;15.2;30.18816;0;142
18.7;13.8;24.7;2.763;87.9;-99;1.7;5.4;16.27776;0;143
15.5;11.1;20.1;3.245;83.9;-99;1.7;9.3;21.86784;0;144
16.6;9.2;22.2;4.257;75.2;-99;1.3;13.3;27.7344;0;145
16.6;7.8;23.6;4.45;72.6;-99;1.8;14.1;28.88352;0;146
12.6;9.6;16.5;2.082;83.4;-99;4.6;3;12.96864;0;147
9.6;6.6;10.9;1.558;80.2;-99;4.7;0;6.68736;0;148
10.1;4.6;14.9;2.632;69.6;-99;2.7;5.7;16.94304;0;149
13.9;6.1;19.6;4.529;65.8;-99;2.7;15.7;31.4928;0;150
13.5;8.7;18.2;3.197;76.5;-99;3.1;8.9;21.65184;0;151
12.2;4.5;16.5;2.37;76.7;-99;1.4;4.3;15.31008;0;152
13.1;1.8;20.2;3.711;71.2;-99;1.1;12.5;26.3952;0;153
14.7;8.4;19.6;2.828;74.1;-99;1.3;5.7;17.25408;0;154
16.4;10.7;22.2;3.045;74.7;-99;1;6.4;18.24768;0;155
14.9;10.6;19.2;2.931;77.9;-99;2.7;6.2;17.95392;3.5;156
15.4;7.5;22.6;4.51;64.5;-99;2.2;14.4;28.99584;0;157
17.6;6.6;25.2;5.114;61.2;-99;1.4;16.5;31.93344;0;158
19.7;11.2;28.4;4.445;71.8;-99;1.8;11.5;25.272;7.2;159
19.3;12.7;24.3;4.513;75.9;-99;1.6;12;27.10368;0.6;160
21.8;14.7;29.6;4.68;74.4;-99;1.7;11.7;25.52256;18.7;161
18.2;14.8;20.7;1.33;97.6;-99;1.5;0;7.58592;11.7;162
16.4;11.8;19.9;4.252;77.3;-99;2.7;14.1;28.79712;0;163
14.4;11;17.9;2.546;84.8;-99;3.2;5.5;17.26272;7.4;164
14.6;8.2;18.6;3.655;78.6;-99;2.1;11.7;25.63488;0;165
14.8;6;21.7;4.682;68.2;-99;1.3;17;32.80608;0;166
13;5.7;17.7;2.154;84.7;-99;1;3.3;14.22144;0;167
15.1;6.8;20.8;4.419;71.9;-99;1.6;15.3;30.56832;0;168
14.9;7.5;21;3.648;77.2;-99;2;11.1;24.84864;0;169
14.3;12.7;17.1;1.911;83.6;-99;3.9;0;9.74592;3.5;170
14.2;12.6;17.6;2.442;76.3;-99;3.8;1.5;11.89728;0;171
13.9;11.4;17.8;3.092;75.6;-99;4.1;6.9;19.20672;10.6;172
13.8;11.6;16.5;4.269;67.7;-99;4.2;14.2;29.00448;0;173
13.6;10.6;16.8;3.289;69.6;-99;3.5;6.9;19.224;3.2;174
13.3;10.1;16.9;3.033;83;-99;1.4;8.8;21.78144;0.2;175
14.6;8.5;19.9;3.958;71.8;-99;2;12.6;26.8272;0;176
13.9;4.8;22.9;3.706;72.8;-99;1;11.8;25.7904;5.5;177
16.4;6.9;23;4.111;66.6;-99;1.2;11.9;25.8768;0.2;178
16;13.8;21.9;2.528;88.4;-99;1.4;4.7;16.20864;10.7;179
14.8;10.6;17.6;1.815;92;-99;1;1.2;11.3616;2.2;180
14.3;8.8;19.1;2.664;80.2;-99;1.2;5.5;17.17632;0;181
13.9;9.6;19;3.039;80.4;-99;1.8;8;20.9088;4.8;182
14.2;10.1;19.9;3.083;84.6;-99;2.1;9;22.2048;5.9;183
15.7;9.2;22.2;3.568;72.5;-99;1.9;9;22.10112;0;184
21.2;12.7;29;5.729;57.7;-99;1.6;16;31.536;0;185
20.9;16.6;27.2;3.196;76.6;-99;1.5;4.5;16.06176;5.8;186
22.1;14.8;28.1;4.676;77.2;-99;1.7;11.7;25.67808;0;187
19.2;13.7;22.5;3.178;83.2;-99;2;6.1;18.16992;0.3;188
19.8;13.8;26.9;2.298;91.7;-99;2;2.4;13.14144;12.5;189
22.9;17.7;28;5.69;73.4;-99;3.5;15.3;30.38688;0;190
22.3;17.4;27.3;6.014;67.3;-99;3.3;16.2;31.65696;0;191
19;12.6;24.1;4.371;75.5;-99;3.2;11.8;25.60896;0.1;192
15.5;12.4;18.6;1.58;92.6;-99;1.8;0;9.52128;5.6;193
16.2;13.9;21.2;2.564;84;-99;1.8;4.3;15.5088;8.8;194
16.8;13.8;21.7;1.65;90.3;-99;3.2;0;8.95968;2.2;195
18.8;12.7;24.7;3.801;76.8;-99;1.3;9.4;22.28256;0;196
18.4;13.4;23.6;3.89;80.5;-99;1.3;10.6;23.8032;0;197
18.6;11.6;25.9;4.657;73;-99;1.1;14.3;28.62432;0;198
20.5;10.3;27.9;5.192;65.7;-99;.8;15.7;30.4992;0;199
22.2;14.4;29.2;5.686;62.7;-99;1.5;16;30.78432;0;200
21.7;16.2;27.7;4.964;74.2;-99;2.6;13.1;26.93952;0;201
21.3;16.3;25.9;5.533;70.7;-99;3.7;15.6;30.10176;0;202
21.7;14.3;27.8;5.388;69.2;-99;3;14.3;28.30464;0;203
20.6;12.6;26.6;5.089;66.4;-99;2.7;13.1;26.73216;0;204
21.1;15.5;26.9;4.515;66.9;-99;2.4;9.7;22.10112;0;205
22.5;17.4;28.7;4.687;65.5;-99;2.7;8.8;20.89152;0.4;206
22.2;15.1;28.2;4.338;71.9;-99;1.5;10;22.34304;0;207
20.9;13.6;30.5;3.241;82.1;-99;.7;6.4;17.61696;11;208
21.7;16.2;26.9;3.667;80.6;-99;1.2;8;19.58688;0;209
22.5;16.2;27.2;4.359;79.7;-99;2.1;10.8;23.22432;6.1;210
19.2;17.2;20.7;1.325;96.4;-99;1.9;0;7.15392;16.3;211
19.1;12.7;24.5;4.257;74.1;-99;1.6;12.1;24.74496;0;212
20.5;12.1;26.9;4.994;64.3;-99;1.5;15.3;27.50976;0;213
21.1;16.4;26;3.202;81;-99;1.8;6.3;16.40736;0.2;214
22.1;17.8;26.9;3.718;82.1;-99;1.8;9;19.60416;3.2;215
19.9;16.8;23.9;3.078;84.6;-99;1.5;7;17.09856;0;216
19;14;23.5;2.902;79.6;-99;1;6.1;15.8544;0;217
18.6;13.4;23.8;3.265;78.9;-99;1.2;8.3;18.5328;0;218
17.9;10.6;25.2;2.546;81.7;-99;.8;4.8;14.20416;0;219
19.1;12;24.7;4.099;73.9;-99;1.2;12.8;23.69952;0;220
18.9;12.4;24.3;2.691;82.5;-99;2.4;4.7;13.92768;6.6;221
18.4;11.5;23.4;2.869;76.8;-99;2;5.2;14.40288;0.8;222
18.2;10.6;23.2;4.012;73.5;-99;3;11.9;22.34304;0;223
15.4;9.8;21.9;3.417;72.5;-99;2.8;9.9;19.82016;1.6;224
17.3;10;23.7;4.01;69.7;-99;2.4;12.3;22.61952;2.2;225
16.7;11.6;23.3;2.876;81.6;-99;1.8;7.7;16.9776;4.3;226
15.7;12;21.4;2.615;84.6;-99;1.6;7.1;16.16544;7.3;227
15.1;11.9;19.8;2.467;77.7;-99;1.9;4.9;13.57344;0.4;228
14.8;11.6;18.3;2.002;81.5;-99;4.6;0.6;8.424;1;229
14.2;11.6;18;2.381;85.2;-99;5.2;7.1;15.87168;5;230
13.8;10.8;18.5;2.724;79.1;-99;4.3;7.7;16.52832;0.3;231
12.8;9.1;17.9;2.241;85.3;-99;3.2;6.8;15.35328;1.6;232
12.2;7.5;18.1;2.625;78.5;-99;1.9;8.8;17.54784;0;233
14.2;8.2;20.4;3.047;70.4;-99;3.2;7.6;15.984;0.3;234
13.2;8.6;19.5;2.618;78.7;-99;2.7;8;16.3296;1;235
12.8;7.2;18.8;2.979;76;-99;2.5;11;19.60416;0;236
11.1;5;17.5;1.967;83;-99;1.8;5.2;12.94272;0.1;237
11.5;2.6;18.2;2.911;81.2;-99;1.3;12.7;21.31488;0;238
13.6;4.2;20.4;3.373;73.4;-99;1.8;13.6;22.1184;0;239
14.3;6.2;21.7;3.352;73.1;-99;1;13.3;21.63456;0;240
15.3;11.1;20.6;1.579;84.4;-99;1.3;0.8;7.74144;0.5;241
15.2;9.1;20.5;1.668;91.3;-99;1.7;2.8;9.81504;3.7;242
15.9;12.4;20.2;2.408;89.5;-99;1.4;7.7;15.0336;0;243
14.9;10.8;18.1;0.906;96.8;-99;1.4;0;4.65696;0.7;244
15.4;9.9;21;3.28;74.6;-99;1.9;12;19.59552;0;245
15.3;10.1;20.9;3.223;77.1;-99;2.1;12.2;19.6992;0;246
16.4;12.1;22.1;3.484;76.9;-99;2.1;13.4;20.87424;0;247
18.5;13.7;24.7;3.441;75.5;-99;1.9;11.4;18.42048;0;248
19.2;13.6;25.9;3.642;71.6;-99;1.8;11.7;18.64512;0.2;249
18;14.8;24.3;2.293;90;-99;1.1;6.7;12.96;1.9;250
15.6;9.8;20.9;2.387;82.7;-99;1.5;7.5;13.72032;0;251
14.1;8.6;20.1;1.968;86.2;-99;2.4;5.7;11.65536;5;252
14.3;9.9;18.3;1.842;90.2;-99;2.2;5.8;11.56896;5.6;253
14.2;9.2;19.9;2.336;81.8;-99;1.4;8.1;13.98816;0;254
15.4;10.3;19.9;2.355;87.5;-99;3.5;9.3;15.06816;0;255
16.6;15.7;17.9;0.61;97.6;-99;3.4;0;2.53152;10.2;256
17;15.5;18.5;0.713;98.3;-99;2.4;0;3.40416;6;257
18.6;16.2;23.4;2.775;85.4;-99;2.7;10;15.36192;0;258
18;14.8;23.1;3.088;78.8;-99;2.7;10.8;16.13088;0;259
16.8;12.7;21.9;3.021;79;-99;2.1;11.8;16.95168;0;260
17.2;12.7;22.9;2.945;78.1;-99;2.4;10.6;15.52608;0;261
17.1;12.5;23.1;2.781;79.9;-99;1.2;10.7;15.50016;0;262
15.4;9.8;23.5;2.165;90.4;-99;.5;8.2;12.85632;0.8;263
14.6;10.1;17.4;1.73;85.1;-99;2.4;4.2;8.70048;3.8;264
11.8;9.7;13.8;1.499;84.3;-99;4.7;2;6.3936;4.9;265
10.9;5.7;15.9;2.279;71;-99;1.4;9.4;13.608;0;266
12.6;9.6;16.6;2.041;77.3;-99;3.2;5.3;9.48672;0.1;267
13;11;16;1.344;89.2;-99;3.2;2.9;7.03296;3;268
14.5;12.1;16.7;0.755;96.2;-99;3;0;3.56832;0.3;269
12.8;6.8;17.8;2.13;81.3;-99;1.7;9.1;12.67488;0.6;270
12.3;5.8;19.8;1.956;84.3;-99;1.2;8.7;12.11328;0;271
14.7;8.1;22;2.128;83.6;-99;.5;9.2;12.42432;3.4;272
14.5;13.6;16.1;0.718;98.5;-99;1.3;0;3.4128;17.3;273
14.9;9.5;18.9;1.328;94.1;-99;.6;3.9;7.15392;0;274
15;10.6;20.5;1.439;91.4;-99;.5;4.7;7.71552;0;275
15.8;12.1;19.6;1.021;92.7;-99;.9;1.2;4.5792;0;276
13.4;9.9;18.3;2.215;80.6;-99;2.2;10.5;12.57984;0;277
11.8;7.4;17.2;1.926;82.8;-99;2.1;9.5;11.56032;0;278
11.5;7.7;16.1;1.868;80.1;-99;3;7.6;9.77184;0;279
11.5;8.6;14.6;0.786;93.2;-99;3.6;0.1;3.35232;12.5;280
12.8;8.5;16;1.512;88.9;-99;3.4;6.6;8.70048;3.2;281
16;13.8;19;1.132;94.3;-99;2.9;3.2;5.84064;0.8;282
13.4;9.6;17.9;1.545;90.9;-99;2.3;7.7;9.3312;0;283
12.7;9;19.1;1.341;94.2;-99;.5;5.9;7.75008;0.8;284
12.1;7;15.6;1.127;93.2;-99;1.6;4.3;6.4368;2.5;285
12.5;8.7;14.4;0.589;98.2;-99;1.6;0;2.64384;4.1;286
13.2;11.8;15.2;0.552;98.6;-99;.6;0;1.97856;0;287
11.7;9.5;14;0.727;99.1;-99;1.1;1.4;3.87936;0.5;288
12.1;10.1;14.9;0.703;97.2;-99;.7;0.5;3.17952;0;289
13.1;11.1;14.8;0.553;98.4;-99;.9;0;2.0736;5.1;290
13.4;9.9;15.3;0.7;98;-99;2;1.2;3.57696;0;291
16.3;12.7;21.6;1.65;90.5;-99;3.4;8.5;8.82144;10.7;292
13.8;11.6;16.4;1.485;87.4;-99;3.6;6.2;7.0416;1.1;293
11.6;10.3;13.2;0.431;98.7;-99;2.8;0;1.77984;4.3;294
11.4;9.1;14.4;0.677;97.7;-99;1.8;1.6;3.56832;0;295
11;8.6;12.1;0.604;95.7;-99;1.1;0;2.39328;0;296
9.7;7.5;11.5;0.585;96;-99;3;0.6;2.77344;0.4;297
9.2;7.1;11.4;0.535;97.9;-99;3;1.1;3.08448;0.5;298
12;9;14.3;1.296;86.7;-99;3.1;5.4;5.85792;0;299
12;9.4;15.1;1.282;87;-99;2.7;5.7;6.0048;0;300
8.3;4.2;12.4;1.093;92.1;-99;1.9;7.9;7.30944;0;301
6.1;3.8;8;0.309;99.7;-99;2.3;0;1.31328;1.5;302
5.9;0;12.7;0.895;92.1;-99;.1;5.5;5.55552;0;303
10.4;6.8;12.7;0.492;98.2;-99;1.6;0;2.02176;0.1;304
12.5;9.4;17.7;0.995;95.4;-99;1.3;5.8;5.45184;0;305
12.3;8.7;16.4;0.91;95.8;-99;1.8;5.3;5.01984;0.3;306
13.3;11.2;15.7;1.259;87.8;-99;4;5.2;4.91616;0;307
11.9;8.7;14.8;1.091;86.6;-99;2.9;3.5;3.79296;0;308
10.9;9;12.7;0.665;97.2;-99;1.1;2.5;3.16224;0.4;309
8.6;4.6;10.2;0.53;95.8;-99;1.8;0.9;2.16;0;310
5.6;1.2;9.2;0.79;94.2;-99;1.3;6.3;5.21856;0;311
7.1;4.1;11.1;0.684;93.9;-99;1.9;3.7;3.69792;0;312
6.9;4;10.8;0.724;95.3;-99;2;5.5;4.60512;0;313
8.3;5.5;9.5;0.441;97.3;-99;2;0.3;1.69344;0;314
5.5;1.6;8.5;0.42;100;-99;1.5;1.6;2.35008;0;315
9.9;8.3;11.2;0.265;100;-99;2.2;0;.49248;0;316
9.7;9.3;10.3;0.333;100;-99;.7;0;.62208;0;317
9.4;7.9;10.8;0.306;99.5;-99;2.6;0;.93312;0;318
8.8;8.1;9.3;0.442;94.9;-99;3.7;0;.75168;0;319
7.2;6.2;9.2;0.279;98.1;-99;1.5;0;.216;1.4;320
7.6;5.9;8.4;0.451;99.3;-99;0;0.2;1.4256;0;321
6.9;6.1;7.7;0.332;97;-99;0;0;.46656;0.1;322
6.1;5.7;6.5;0.339;92.6;-99;0;0;.55296;1.1;323
6.3;5.6;7.5;0.35;99.5;-99;0;0;.68256;2.2;324
6.5;4.8;8.3;0.467;97.6;-99;.4;1.2;1.80576;0;325
3.7;0.7;5.2;0.362;94.9;-99;1;0;.9504;1;326
5.6;4.4;6.9;0.503;91.3;-99;.4;1.5;1.89216;0.3;327
7.1;4.7;9.8;0.511;94;-99;1.4;1.4;1.82304;7.2;328
4.8;1.2;7.6;0.39;99.8;-99;1.1;1.5;1.84032;0;329
3.6;1.1;6;0.455;96.3;-99;1;2.4;2.21184;0;330
2.2;1;4.3;0.506;92.6;-99;1.6;3.3;2.60064;0;331
0.2;-1.6;1.8;0.326;85.6;-99;0;0;1.00224;0;332
-1.3;-2.9;0.1;0.475;83.1;-99;0;3.4;2.57472;0;333
-2.6;-3.4;-1.7;0.313;83.3;-99;0;0;1.02816;0;334
-4.1;-5.3;-3.2;0.329;86.3;-99;0;1.3;1.52064;0;335
-3.5;-4;-2.6;0.348;84.4;-99;0;1.6;1.61568;0;336
-2.6;-4.1;-1.3;0.271;92.4;-99;0;0;.58752;0;337
1.2;-1.4;3.3;0.336;92.6;-99;.2;0.1;.95904;0;338
1.1;0.1;2;0.258;99.4;-99;0;0;.2592;0.9;339
1.8;-1.9;4.2;0.276;100;-99;0;0;.38016;0.3;340
1.7;-1.9;4.4;0.387;97.3;-99;.9;2.5;1.87488;5;341
3.3;1.1;4.5;0.417;96.1;-99;.8;2.3;1.76256;0.1;342
3;1.9;3.8;0.332;93.4;-99;0;0;.7776;0;343
2.8;1.1;4.9;0.321;92.6;-99;1.1;0;.2592;5.3;344
3.4;2.3;5;0.337;92.7;-99;.1;0;.74304;0.6;345
5.4;2.7;8.7;0.41;92.4;-99;2.7;0;.23328;6.7;346
3.1;0.1;5.2;0.352;93.4;-99;.4;0;.864;0;347
0.9;-0.2;2.5;0.297;99.5;-99;0;0;.68256;0;348
2.4;0;4.8;0.293;94.7;-99;.2;0;.432;0.6;349
4.4;1.7;5.5;0.36;95.5;-99;.1;0.2;.9072;0.5;350
2.5;1.1;3.8;0.337;97.3;-99;.1;0.2;.92448;0.1;351
8.7;3.5;11.7;0.237;99.3;-99;3.9;0;.41472;3.6;352
8.9;4.6;12;0.592;91.3;-99;4.6;0;.432;12.9;353
4.8;2.4;6.4;0.748;86.3;-99;5.9;0;.76896;8.2;354
5.7;4.3;7;0.548;92;-99;4.7;1.4;1.37376;9.6;355
9.7;7;11;0.297;97.5;-99;3.6;0;.11232;21.6;356
9.8;7.8;10.5;0.308;98.3;-99;2;0;.39744;26.4;357
7.9;4.9;10.1;0.513;92.6;-99;3.1;0.2;.91584;2.6;358
3.5;0.5;5.6;0.271;98;-99;1.9;0;.57024;10.2;359
-0.8;-3.1;0.9;0.501;87.7;-99;.7;4.4;2.47968;0;360
-3.1;-4.8;-1.8;0.324;95.9;-99;2.1;3.1;1.99584;0;361
-2;-5.5;2.2;0.45;90.1;-99;1;4.1;2.36736;6.4;362
-3.8;-8.5;-1.5;0.328;97.3;-99;1.1;3.3;2.08224;0.3;363
0.9;-1.5;3.3;0.276;98.3;-99;1.9;0.7;1.1232;0.4;364
4.4;1.6;7.1;0.244;98.8;-99;2.2;0;.40608;2;365
