tavg;tmin;tmax;ET0;relhumid;vapp14;wind;sundu;globrad;precip;jday
C_deg;C_deg;C_deg;mm;%;mm_Hg;m/s;hours;J cm-2 d-1;mm;
63;2;-----;-----;-----;-----;-----;-----;------;-- -;-
6.4;4;7.9;1.156;77.5;-99;4.5;1.8;1.63296;1.2;1
3.1;1.3;5.5;2.166;50.3;-99;6.1;2.9;2.09952;0;2
1.6;-1.3;4.3;0.526;81.3;-99;.7;2.3;1.87488;0.1;3
4;-0.3;6.8;0.259;99.1;-99;1.2;0;.41472;0.9;4
5.2;-0.5;7.2;0.386;97.8;-99;1.8;1.7;1.65024;0;5
0.6;-2;3.7;0.4;99.1;-99;.5;2.9;2.17728;2;6
4.7;2.5;6.7;0.271;99.6;-99;2.2;0;.94176;5.27;7
4.7;2.1;6.8;0.324;95.6;-99;1.1;0;.49248;14.13;8
1.4;0.6;2.4;0.295;95.1;-99;1.4;0;.5184;3.13;9
0.4;-0.9;1.1;0.371;90.6;-99;.7;0.3;1.18368;0.7;10
3.7;0;6.8;0.269;97.7;-99;2.8;0;.59616;0.7;11
4.8;2.4;6.1;0.349;97.2;-99;.8;0;.93312;5.13;12
6.1;4.8;8.3;0.373;95.4;-99;3.1;0;.6912;4.83;13
2.6;1.6;5;1.989;57.6;-99;7.6;3.6;2.68704;2.53;14
5.2;2.1;7.4;0.426;94.1;-99;5.6;0;.79488;8.67;15
6.4;4.4;7.3;0.292;97.1;-99;5.2;0;.36288;1.33;16
3.7;0.1;5.6;0.534;91.1;-99;4.8;0.5;1.40832;0.3;17
0;-3;2.5;0.601;87.3;-99;2.7;4.3;3.16224;0;18
-0.4;-2.3;0.4;0.26;100;-99;1.6;0;1.07136;0;19
-2.4;-3.1;-2;0.24;100;-99;.9;0;.75168;0;20
-2.8;-5.3;-0.8;0.212;99.5;-99;3.3;0.5;1.4688;0.9;21
-2;-4.2;-0.8;0.246;99.2;-99;2.9;0.7;1.62432;0;22
-4.7;-6.2;-2.4;0.434;90.5;-99;3.2;4.4;3.43872;0;23
-4.3;-5.3;-2.3;0.464;84.5;-99;1.9;1.9;2.27232;0;24
-4;-4.8;-3.1;0.403;84.1;-99;2.4;0;.59616;1.13;25
-0.6;-4;1.9;0.306;99.3;-99;1.8;0.7;1.71072;2.53;26
3.4;1.6;4.5;0.247;100;-99;2.7;0;1.14912;3;27
2.4;0.4;3.7;0.374;98.7;-99;1.5;1.3;2.09952;1.13;28
0.2;-2.2;3.4;0.438;97.9;-99;2.4;4.7;3.92256;0;29
-0.1;-2.2;2.7;0.656;87.1;-99;2.3;4.3;3.74112;0;30
-0.4;-2.2;2.8;0.468;94.6;-99;2.2;2.9;3.0672;0;31
-1.3;-3.3;0;0.247;99.5;-99;2.4;0;1.3392;0;32
0.6;-0.3;1.7;0.205;99.8;-99;2;0;.5616;5.13;33
1;-3;1.8;0.249;98.1;-99;2.4;0;.81216;0;34
0.6;-3.3;3.1;0.652;89.6;-99;3.3;4.8;4.5792;0;35
3.1;1.3;5;0.489;94.4;-99;4.3;1.9;2.94624;0;36
3.2;0.9;5.3;0.411;95.6;-99;3.3;0.4;2.06496;3;37
3.9;3.1;5.1;0.477;93;-99;3.3;0;1.71072;0.6;38
5.9;4.4;7.2;0.68;90.5;-99;5.5;0.6;2.27232;0.2;39
7.3;5.9;9.6;1.39;79.1;-99;6.4;2.8;3.73248;0.2;40
6;3.5;7.8;0.408;95.1;-99;4;0;1.0368;15.83;41
3.7;0.5;5.1;0.91;83.6;-99;5.4;1.5;3.01536;0.2;42
2.6;0.1;4.6;1.011;83.9;-99;3.4;7.2;6.81696;0;43
7.1;3.4;8.9;0.347;98.5;-99;4.5;0;1.88352;0;44
6.1;2.7;8.3;0.806;95.4;-99;2.2;5.3;6.01344;0;45
4.5;-2.6;12.2;1.098;81.1;-99;.7;7.5;7.32672;0;46
6.4;0.5;12.7;1.357;73.3;-99;1.2;7.7;7.58592;0;47
7.7;4.1;11.8;0.684;93;-99;1.1;1.5;3.33504;0;48
5.5;-2.7;12.7;1.133;83.7;-99;.8;7.2;7.48224;0;49
5.4;0.9;9.4;0.607;94.4;-99;3.3;1.9;3.74112;1.43;50
6.8;5.2;9.4;0.75;94;-99;3.3;3.5;4.98528;1.73;51
7.1;5.9;8.8;0.394;98.8;-99;3.2;0;2.27232;2.57;52
2;-1.4;6.4;1.126;79.6;-99;2.8;6.8;7.66368;0;53
0.6;-3.5;6;1.269;66.1;-99;1.8;7.3;8.10432;0;54
4.2;-1.9;12.6;1.35;72.5;-99;.8;8.6;9.29664;0;55
5.6;-0.8;12.7;1.182;91.7;-99;1.6;8.6;9.4176;0;56
5.3;-0.2;9.9;0.851;95.2;-99;1.4;4.5;6.32448;0;57
6.6;-1.8;15.5;1.71;65.5;-99;1.2;9.1;10.08288;0;58
4.7;0.2;7.3;0.489;94.4;-99;2.5;0;2.23776;0;59
2.8;0.1;4.8;0.512;94.3;-99;1.4;0;2.8944;0;60
2.6;-0.2;5.7;0.528;92.2;-99;1.8;0;2.73888;0;61
7.9;2.3;10.1;0.329;98.9;-99;3.8;0;1.52064;7.23;62
8.8;5.9;12.7;1.175;85.2;-99;6.9;0.3;3.68064;2.37;63
6.2;1.8;8.5;1.278;83.9;-99;6.2;4.4;7.37856;0;64
5.5;0;9.7;0.951;86.5;-99;3.5;1.7;5.0544;1.53;65
9.4;6.7;14.1;1.552;80.1;-99;5.2;2.6;5.95296;1.9;66
6.2;1.5;8.6;1.685;76.8;-99;6.6;5.4;8.64;4.23;67
5.5;1;9.2;1.214;85.4;-99;5.6;4.9;8.31168;4.97;68
5.2;2.8;7.9;1.353;80.4;-99;4.3;4.5;8.00064;0.57;69
2.6;-0.3;6.1;0.77;94.8;-99;2.1;3.2;6.93792;0.9;70
3.5;-2;7.2;0.948;86.1;-99;4.2;2.3;6.0912;1;71
5.9;3.6;8.4;1.18;84.4;-99;7.2;2.1;6.03936;2.47;72
5.4;3.8;7;0.565;96.4;-99;4.8;0.7;4.72608;6.53;73
6.5;4.9;9.1;1.002;87.1;-99;5.8;0.8;4.87296;5.1;74
6.1;4.2;8.8;0.98;89.1;-99;5;2.2;6.41952;11.93;75
7.3;3.1;10;1.17;84.9;-99;5.4;1.2;5.47776;1.7;76
5.1;3.4;7.6;1.131;86.3;-99;5.9;3.6;7.9488;1.7;77
3.6;-1.7;7.8;1.28;87.3;-99;1.9;6.7;11.24928;0;78
5.5;-1.9;9.8;0.799;92.7;-99;2.8;1.1;5.6592;0;79
9.8;7.7;12.4;0.921;95.3;-99;3.7;2.1;6.75648;0;80
8.5;6.3;10.5;0.617;97.9;-99;2.3;0;3.95712;0;81
7.1;3.7;11.5;1.077;90.3;-99;2.4;2.7;7.50816;0;82
5.1;0.9;10.4;1.431;84.3;-99;1.5;6.1;11.28384;1.6;83
4.5;0.9;7.9;1.143;90.6;-99;3.5;5.5;10.8;0.2;84
5.1;2;7.8;1.333;82.4;-99;3.9;3.9;9.17568;0.3;85
7.1;3.8;8.8;0.463;99.7;-99;3.6;0;3.888;3.3;86
7.8;5.5;9.4;0.584;99.9;-99;2.2;0;4.33728;0;87
7.5;1.6;13.4;1.037;91.1;-99;1;1.5;6.7824;0;88
8.9;-0.8;17.5;2.232;79.6;-99;1.7;10;16.44192;0;89
5.3;-2.1;8.8;2.047;76.9;-99;3;10.7;17.38368;0;90
3.5;-4.5;9.8;2.192;67;-99;1.6;11.7;18.98208;0;91
7.5;0.5;13.4;3.07;54;-99;3.6;10.5;17.72064;0;92
11.8;7.3;16.9;2.253;64.8;-99;1.7;4.6;10.90368;0;93
12.6;7;18.3;3.153;63.3;-99;2.7;9.4;16.7616;0;94
12.5;4.8;18.8;2.747;70.5;-99;2.2;8.5;15.8544;0;95
11.9;3.1;20.1;2.711;69.4;-99;1.9;8.7;16.18272;0;96
10.9;1.5;19.8;2.725;71.5;-99;1;10.6;18.64512;0;97
6.1;0.5;11.9;1.749;81.9;-99;2.3;6.8;14.14368;0;98
3.8;-2.5;8.9;1.704;78.3;-99;2.5;7.2;14.76576;0;99
2.3;-6.5;8.8;1.46;68.6;-99;1.8;3.5;10.34208;0;100
2.3;-2.2;5.5;0.907;85;-99;1.7;0.3;6.51456;0;101
2.6;-0.4;6.9;1.557;76.3;-99;3.1;5.5;13.08096;4.1;102
2.5;0.3;6.4;1.167;86.6;-99;1.9;3.4;10.52352;1.6;103
5.6;2.9;10.2;1.713;75;-99;2.7;4.3;11.72448;0.5;104
5.5;1.3;11.1;2.396;74.6;-99;3.1;11.9;21.56544;0;105
6.9;0.8;12.7;2.698;68.1;-99;3.1;11.3;20.93472;0;106
9.2;3.5;15.6;3.171;64.5;-99;2.8;12.3;22.2912;0;107
11.1;5.4;18.1;3.454;63.4;-99;2.6;12.4;22.60224;0;108
11.8;2.1;19;3.878;51.9;-99;2.5;12.3;22.62816;0;109
9.1;-2.8;18.1;3.201;59.8;-99;1.4;12.7;23.31936;0;110
11;-0.9;21;3.415;56.6;-99;1;12.9;23.69088;0;111
10.4;-0.1;17.9;3.427;64.7;-99;2.5;13;23.976;0;112
13.8;9.1;19.2;4.174;60.3;-99;4.8;11.3;21.80736;1.9;113
15.6;11.7;20.8;3.661;69.1;-99;3.6;9.5;19.63872;0.3;114
16;10.1;22.7;3.922;71.5;-99;2.4;12.6;23.83776;0;115
15.2;11.5;25.2;2.81;81.4;-99;3.8;7.6;17.25408;8.87;116
12.7;8.8;18.5;2.526;81.2;-99;2.1;7.2;16.88256;2.23;117
10.4;8.8;12.7;0.977;96.5;-99;2.1;0;6.89472;4.43;118
10;2;14.4;2.8;81.6;-99;3.3;12.1;23.68224;0;119
11.1;1;17.3;3.253;67.7;-99;1.9;11.2;22.62816;0;120
9.8;8.2;11.6;1.087;90.2;-99;4.6;0;6.40224;0;121
8.8;6;11;1.163;85;-99;5.5;0;4.24224;0.9;122
7.2;2.2;10.8;2.477;68;-99;4.5;6.4;16.26912;1.73;123
4.5;-0.9;9.8;1.989;81.8;-99;2.8;9;19.94112;0.9;124
6.7;-2.4;13.6;2.812;66.1;-99;2;11.2;22.99104;0;125
6.6;0.3;12.7;2.153;71.7;-99;3.1;5.6;15.41376;0;126
6.3;-0.5;12.4;2.331;70.6;-99;2.3;7.7;18.4032;0;127
10;-0.5;16.1;2.998;58.5;-99;2.8;6.5;16.87392;2.47;128
12.2;7.8;17.4;2.265;83.5;-99;1.9;5.4;15.43968;5;129
9.8;3.8;14.5;1.385;94.3;-99;1.5;1.8;10.41984;2.8;130
7.7;0.1;12.7;2.948;75.3;-99;1.7;12.6;25.53984;0;131
9;3.5;13.5;3.218;70.9;-99;3.4;12.9;26.18784;0;132
8.4;2;13.7;3.229;74;-99;2.6;14.4;28.28736;0.3;133
7.7;0.1;14;3.27;63.9;-99;2.1;13.2;26.784;0;134
9;-0.9;14.6;3.731;58.6;-99;3.1;13.9;27.864;0.1;135
10.2;7.8;14.4;1.656;82.8;-99;4.3;0.9;9.4176;1.5;136
12.6;9.2;17.8;1.725;94.2;-99;1.3;2.7;12.096;0;137
15.4;10.2;21.9;3.606;81.9;-99;2.5;11.9;25.15104;0;138
16.3;11.1;23.8;3.859;81.3;-99;2.1;12.4;26.0064;0;139
15.2;11.9;21.3;2.689;92.8;-99;2.6;8.4;20.38176;7.13;140
14.3;12.1;16.4;1.089;98.8;-99;1.1;0;6.58368;0;141
11.9;9.5;14.7;0.827;95.5;-99;3.8;0;5.11488;0;142
13.3;6;19.5;3.808;71.4;-99;1.7;12.8;26.8272;0;143
15;8.1;22.1;3.94;67.9;-99;2.9;10.8;24.08832;0;144
12.4;10.4;16.1;1.961;78.6;-99;3;1;10.00512;0;145
13;7;16.8;1.295;90.4;-99;3.4;0;7.35264;8.9;146
14.7;9.2;18;3.339;78.5;-99;3;9.5;22.4208;0;147
11.5;8.1;14.6;3.049;76.4;-99;2.3;9.6;22.5504;0;148
9.8;2.9;14.4;3.837;63.7;-99;2.6;14.9;30.1968;0;149
13.8;3.6;19.9;2.97;71.6;-99;3.4;5.2;16.32096;1.33;150
16.1;11.1;21.2;2.359;92.6;-99;2.4;5.3;16.40736;0;151
16.5;9.2;24.2;3.382;80.1;-99;2.1;8.9;21.40128;0;152
19;6.7;27.4;4.715;69.1;-99;1.6;13.6;27.83808;0;153
21.7;15.6;30;4.618;71.1;-99;2;10.8;24.14016;1.9;154
18.7;14.3;24.1;4.116;76.5;-99;2.3;11;24.43392;0;155
24;15.4;31.3;5.826;64.4;-99;2.3;14;28.52064;0;156
19.8;13.6;28.7;3.006;82.8;-99;2.6;4.7;16.05312;28.73;157
16.4;12.7;21.3;2.689;89.2;-99;1.5;5.8;17.4528;2.03;158
16.3;11.5;20.1;3.145;77.6;-99;3.4;6.2;18.11808;0;159
16;9.1;22.3;4.258;74.6;-99;2.5;13.9;28.49472;0;160
17.3;14.2;21.5;2.473;93.4;-99;2.4;5.3;16.83072;0.2;161
19;14.7;26.7;2.549;96;-99;1.8;4.9;16.36416;11.57;162
18.9;16.1;24.1;3.369;96;-99;1.9;9.7;22.81824;27.6;163
18.4;11.6;24;4.366;77.9;-99;2;13;27.29376;7.37;164
20.1;11.8;26.8;5.194;75.4;-99;2;16;31.3632;0;165
19.8;15.9;23.4;2.05;92.5;-99;2.1;0.9;11.52576;1.8;166
17.1;11.8;21.2;3.826;81.1;-99;2.1;11.2;24.97824;0;167
19;11.4;25.3;4.978;73.1;-99;.6;15.6;30.92256;0;168
21.6;14.2;27.2;5.216;67.7;-99;1.8;13.7;28.39968;0;169
22.8;15.3;28.8;5.41;69.4;-99;1.3;14.5;29.43648;0;170
19;13.5;23.9;3.47;86.6;-99;1.5;8.4;21.2112;4.7;171
17;11.9;22.1;3.237;83;-99;1.3;7.7;20.32992;0;172
15.5;8.6;21.1;4.552;72;-99;1.2;15.8;31.24224;0;173
17.6;9.9;23.8;4.922;66.9;-99;1.2;15.9;31.30272;0;174
19.4;9.8;26.7;5.079;68.6;-99;1.9;14.9;29.98944;0;175
23.8;15.4;30.5;5.723;64.5;-99;1.9;14.1;28.88352;0;176
23.2;15.2;32.2;5.661;71.8;-99;2.8;14.7;29.70432;0;177
16.3;13.5;19.9;3.31;82.3;-99;3.9;9.1;22.08384;0;178
16.9;10.1;21;3.931;82.4;-99;2.1;12.3;26.42976;0;179
18.7;7.8;27.4;5.054;67.2;-99;1.3;15.7;31.00032;0;180
22.8;10.2;35.1;6.055;62.4;-99;2.8;15.2;30.34368;0;181
18.6;12.1;25;4.161;70.2;-99;3.3;8.8;21.9456;0;182
15.2;12.7;18.9;3.516;70.3;-99;4.4;6.5;18.80928;0.1;183
14.3;10.1;19.3;3.675;67.4;-99;3.3;8.7;21.73824;0.97;184
14.9;9.7;18.2;2.303;76.2;-99;3.5;0;9.97056;8.2;185
14.8;12.7;17.5;1.395;97.7;-99;2.9;0.4;10.51488;6.8;186
14.9;12.5;17.5;1.459;89.6;-99;2.8;0;7.83648;1.83;187
13.3;11.6;15.4;1.587;83.8;-99;3.6;0;7.09344;2.13;188
14.1;10.7;18.5;3.357;78.7;-99;3.2;10.1;23.56128;0;189
14.9;9.8;18.5;3.502;74.6;-99;3.1;9.2;22.29984;0.53;190
16.5;12;20.7;4.303;73.7;-99;2.7;13.4;27.864;0;191
17;7.6;24.7;4.427;71.9;-99;.7;14;28.61568;0.9;192
17.3;13.8;22.1;2.194;87.8;-99;.4;2.1;12.63168;0;193
18.7;10.1;24.9;4.722;71.8;-99;1.9;14;28.47744;0;194
15.9;14.3;17.5;1.332;89.8;-99;1.7;0;6.57504;0.1;195
14.8;12.4;18.1;2.165;79.8;-99;2.3;1.3;11.43936;0.5;196
16;13.6;19.1;2.074;86.9;-99;2.7;1.8;12.03552;0.1;197
17.1;9.2;22.8;4.19;78.9;-99;1.9;13.3;27.38016;0;198
18.4;6.8;27;4.205;62.8;-99;.8;11.6;25.00416;0;199
19;12.7;24.6;3.322;75.1;-99;1.2;6.6;18.32544;0;200
19.3;9.4;28.2;4.057;75.7;-99;1.7;10.4;23.35392;7;201
18.2;11.9;24.3;3.243;83.1;-99;2.1;7.5;19.38816;0;202
15.8;10.8;20.3;2.248;86.6;-99;1;3.1;13.59072;2.17;203
20.5;14;26.3;4.743;78.8;-99;1.7;14;27.9072;0;204
22;11.5;29.9;4.908;69.1;-99;.9;13.4;27.06048;0;205
22.7;15.4;29.8;5.203;67;-99;1.5;13.7;27.27648;0;206
21.5;12.8;28.1;5.329;66.7;-99;2.3;14.4;28.18368;0;207
21.3;17.6;25.9;4.759;75.7;-99;3.2;12.7;25.89408;0;208
22.7;17.1;28.1;5.041;73.8;-99;2.2;13.3;26.4816;0;209
21.7;16.8;31.3;2.725;90.2;-99;1.1;4.2;14.53248;30.37;210
19.4;16.4;22.6;1.48;99.2;-99;1;0;8.1648;4.43;211
17.9;14.7;22.4;1.869;95.5;-99;.9;1.4;10.79136;14.73;212
18.1;13.5;22.7;3.448;86.3;-99;1;10.1;21.15936;0.1;213
17.3;14.1;22.2;2.008;89.9;-99;.5;2.2;11.32704;0.5;214
18.9;12.3;24.7;4.142;73.9;-99;.9;13;24.48576;0;215
17.4;11.3;21.9;2.685;81.5;-99;1.3;5.5;15.23232;0;216
19.1;12.6;25.3;2.985;78.8;-99;.7;6.7;16.57152;0;217
19.5;14.4;25.1;2.564;79.5;-99;1.1;3.8;13.03776;0.3;218
17;11.2;23.5;2.21;87.8;-99;.6;3.6;12.73536;2.23;219
17.3;12.2;23.8;3.156;81;-99;2.1;8.6;18.69696;0.3;220
18.4;11.9;24.4;3.286;75.7;-99;1.1;8.5;18.46368;1.4;221
20.5;14.2;26.6;3.848;75.4;-99;2.9;9.2;19.24992;0.1;222
19.3;13.4;25.2;4.485;62.6;-99;2.6;11.5;21.87648;0;223
18.6;12.3;24.7;4.211;69.7;-99;2;12.9;23.4144;2.77;224
14.9;9.5;19.6;2.318;88.6;-99;2.1;6.1;15.25824;0.8;225
13.9;8.3;20.1;2.745;79.2;-99;1.6;8.2;17.55648;0;226
15.3;11;19.6;1.407;87.8;-99;1.8;0;6.7824;0.4;227
16.5;12.2;21.4;2.336;86.7;-99;1.4;5.1;13.76352;0.5;228
17.8;12.2;22.9;2.054;83.3;-99;1.6;2.1;10.13472;1.1;229
17.5;12.7;20.6;0.973;99.2;-99;1.1;0;5.01984;7.8;230
16.7;10.9;22.3;3.142;79.4;-99;1.9;9.5;18.60192;0;231
16.5;9.7;22.7;3.344;72.6;-99;1.6;10.1;19.19808;0.83;232
15.2;9.3;21.2;2.985;80.4;-99;1.3;9.9;18.80064;0;233
16.9;7.1;25.7;3.902;66.9;-99;1.4;13.4;22.69728;0;234
17.8;8.4;26.6;3.736;68.9;-99;1.2;12.2;21.168;0;235
19.8;9.9;28.4;4.246;65.9;-99;1.4;13.6;22.57632;0;236
22.4;16.1;29.3;4.482;64.5;-99;1.9;12;20.64096;0;237
23.2;17;30.2;4.635;63.9;-99;1.8;12.6;21.15936;5.37;238
22.6;17.7;31.2;3.221;83.7;-99;1.8;8.1;15.97536;30.3;239
23.4;17.8;31;3.6;80.9;-99;1.1;9.9;17.90208;2.57;240
20.3;14.8;25.6;3.106;85.1;-99;1.1;9.1;16.92576;0;241
19;12.1;26.1;3.122;82.4;-99;.8;9.8;17.5392;0;242
23;14.1;30.7;4.128;70.8;-99;1.3;12.2;20.02752;0;243
19.8;13.5;24.3;2.834;78.4;-99;2.1;6.4;13.32288;0;244
14.2;9.4;19.6;2.571;78.9;-99;1.8;8.3;15.36192;0.83;245
13.9;9.4;19.3;1.123;95.8;-99;2.3;1;6.92064;3.63;246
16;11.1;20.8;2.187;82.9;-99;2.1;5.2;11.60352;0.6;247
14.4;8.6;18.4;2.354;82.7;-99;3.5;7.2;13.7376;1.6;248
13.2;7.6;19;2.736;76.8;-99;2.8;9.9;16.62336;0;249
13.7;9.1;17;1.756;81.1;-99;1.4;3.3;9.14976;3.07;250
14.1;7.6;21.3;2.5;81.6;-99;.7;9.2;15.60384;0.8;251
12.8;8;15.5;0.633;100;-99;1.1;0;3.13632;23.5;252
14.3;12.7;16.3;0.774;96.2;-99;4.2;0;4.0608;1.93;253
14.9;9.3;19.8;2.738;79;-99;3.5;9.5;15.4224;0.83;254
15.5;10.8;20.4;2.001;85.6;-99;2;5.5;10.99872;0;255
15.3;11.6;17.7;2.628;79.3;-99;3.2;8.6;14.19552;2.47;256
12;6.5;18.2;2.427;79.6;-99;1.1;10.4;15.93216;0;257
13.5;7.8;19.2;2.009;78.5;-99;3.3;3.8;8.92512;0.47;258
13.1;8.9;16.2;2.651;71.6;-99;3.3;7.9;13.05504;0.3;259
10.8;8.4;13.6;1.647;84.3;-99;4.9;4.2;9.14976;3.8;260
11.4;6.9;14.4;2.307;76.4;-99;4.2;7.6;12.49344;0.73;261
9.7;3.3;15.5;1.958;85;-99;1.5;9.2;13.97952;0;262
11.2;4.6;14.7;0.809;95.8;-99;1.9;0;4.51008;0.97;263
13.8;7.3;18.7;1.777;88.9;-99;1.6;6.2;10.68768;0;264
14.4;4.5;23.1;2.738;74.9;-99;1.4;11.6;15.92352;0;265
15.5;12.5;21.6;2.524;84.2;-99;2.4;10.9;15.02496;0;266
13.9;11.1;17.2;0.994;98.8;-99;.4;0.8;5.1408;2.17;267
14.6;11.8;18.9;1.515;94.3;-99;1;4.8;8.89056;3.3;268
15.2;13.4;17.9;1.386;95;-99;1.5;4.1;8.05248;3.43;269
14.9;11.4;18.4;1.231;93.8;-99;2.2;2.9;6.80832;0;270
14.6;12;18.6;1.843;85.9;-99;3.2;6.1;9.72864;1.27;271
13.6;12.2;14.6;0.545;98.8;-99;4.2;0;3.18816;11;272
13.4;8.6;15.8;1.289;88.6;-99;4.3;1.9;5.63328;13.4;273
10.1;7;11.9;0.448;100;-99;1.8;0;2.18592;8.9;274
9.7;6.8;13.7;1.56;85.9;-99;2.1;7.3;10.05696;3.3;275
9;6;11.4;0.866;91.4;-99;2;1.1;4.51872;0;276
8.5;5.3;11.8;1.176;85.1;-99;1.5;3.6;6.59232;0;277
8;2.6;12.2;1.201;90.2;-99;2.1;5.7;8.30304;0.7;278
5.4;-0.8;12;1.476;83.8;-99;.9;9.3;11.25792;0;279
4.8;-0.5;11.6;0.993;90.9;-99;.5;4.4;7.01568;1.6;280
9.4;4.7;13.8;0.65;95.8;-99;2.4;0.2;3.4128;3.7;281
11.1;8;14.9;1.192;91.8;-99;3;5.1;7.37856;0.2;282
10.4;8.1;14.1;1.233;91.3;-99;3.3;6.1;8.06112;1.2;283
12.4;8.4;14.9;0.689;93.5;-99;6.5;0;1.62432;4.93;284
12.7;10.8;15.6;0.654;97;-99;3.2;0.4;3.30912;3.23;285
14.3;10.3;19.9;0.928;95.7;-99;1.9;2.3;4.752;1.2;286
14.6;11.6;18.9;1.587;87.9;-99;2.7;6.8;8.11296;0.63;287
13.7;10.1;20.5;1.338;94.6;-99;1.7;6.9;8.08704;0;288
12;8.1;13.4;0.324;100;-99;2;0;.87264;10.03;289
12.8;8;15.5;0.59;99;-99;2.1;0.4;3.00672;2.3;290
13.2;9.5;17.6;1.025;94.7;-99;3.4;4.5;6.01344;3.27;291
11.6;7.3;15.6;1.167;92.3;-99;3.1;6.1;7.05024;0.4;292
11.8;10.2;13.6;0.58;100;-99;.9;0.1;2.62656;6.87;293
12.2;8;14.4;0.512;100;-99;1.9;0;2.54016;0;294
10.5;6.6;15.3;1.084;94.6;-99;1.6;6.2;6.84288;0;295
10.1;5.5;14.6;0.942;95.3;-99;1.1;4.5;5.5296;0;296
11.5;9.1;13.8;0.357;99.7;-99;2.6;0;1.3392;0;297
12.3;9.5;14.5;0.859;94.5;-99;2.9;3.1;4.4064;0;298
14.7;10.8;17.4;1.718;83.1;-99;6.1;3.8;4.8384;1.47;299
11.2;6.8;16.3;1.371;84.7;-99;4.4;5;5.50368;2.93;300
8.4;2.7;12.2;0.885;93.4;-99;2.6;5.2;5.56416;1.1;301
4.6;0;9.8;1.003;88.2;-99;1;7.5;6.9552;1;302
2.1;-2.6;10.6;0.928;88.3;-99;.1;7.8;6.98976;0;303
0.9;-3.3;8.2;0.813;92.7;-99;.3;7;6.38496;0;304
2.2;-3.7;5.7;0.675;91.9;-99;2.6;5;4.95072;3.7;305
9.2;4.1;13.6;0.333;100;-99;2.5;0;1.39104;5.87;306
10.8;9.6;13.6;0.776;97.7;-99;1.1;4.1;4.22496;0.3;307
9.8;9.2;10.4;0.351;100;-99;1.1;0;.93312;23.53;308
8.3;6.4;9.2;0.308;100;-99;1.5;0;.81216;12.17;309
6.4;5.7;7.4;0.383;99.7;-99;.7;0;1.33056;1.7;310
5.9;4.8;7.6;0.468;98.8;-99;1.4;1.6;2.51424;0;311
6;2.9;8.6;0.597;98.4;-99;.7;3.1;3.34368;0;312
7;3.3;8.7;0.431;98.1;-99;1.6;0.6;1.87488;0.2;313
3.5;-0.2;8.8;0.704;95.4;-99;.5;5.6;4.63104;0;314
1.7;-0.8;4.5;0.281;99.1;-99;2.6;0.2;1.57248;0;315
3.8;0.6;7.7;0.63;93.7;-99;2.8;5.2;4.25088;0;316
3.7;1.4;5.8;0.51;97.2;-99;1.6;3.5;3.25728;0;317
4.6;0;9;0.641;96.3;-99;1.5;5.6;4.33728;0;318
5.8;2.3;8.6;0.327;96.9;-99;3.4;0;.79488;0;319
7.2;3.3;8.8;0.276;98;-99;4;0;.45792;5.13;320
4;-0.5;8.2;0.419;97;-99;2;1.7;2.15136;0.97;321
7.8;6.4;9.7;0.346;99.7;-99;2.6;0.7;1.6416;0.3;322
5.7;2.3;8.4;0.415;95.2;-99;4.4;0;1.27008;1.27;323
4.3;1.5;5.4;0.293;100;-99;.2;0;.42336;2.4;324
7.1;4.8;9.1;0.304;100;-99;1.3;0;.79488;2.6;325
8.7;7.9;9.5;0.38;98.4;-99;2.4;0.4;1.39104;0.2;326
5.2;2.3;8;0.354;96.6;-99;3.4;0;1.14912;0;327
3.6;2.2;4.5;0.3;97.7;-99;2.9;0;1.08;0;328
3.5;2.8;3.9;0.217;100;-99;2.3;0;.54432;0;329
4.9;3.8;6.3;0.223;100;-99;2.2;0;.432;0;330
6.8;6.2;7.4;0.292;99.6;-99;2.5;0;1.05408;2.13;331
8.8;7.3;10.6;0.334;97.9;-99;4.5;0;.9936;6.37;332
4.6;0;7.8;0.895;82.2;-99;5.3;0;.9936;0.5;333
2.7;-1.1;7.1;0.516;95.5;-99;2.3;5.5;3.46464;5.1;334
1.1;0;2.5;0.26;100;-99;1.7;0.5;1.19232;0.2;335
3.7;1.1;6.1;0.505;91.7;-99;3.3;1.6;1.61568;2.83;336
1.8;-2;5.9;0.267;99.9;-99;2.2;1.2;1.40832;0.93;337
5.1;4;6.1;0.229;99.1;-99;3.7;0;.58752;0;338
2.7;-0.4;5.2;0.38;98.2;-99;2.6;4.1;2.52288;0.5;339
4;0.9;5.7;0.174;99.1;-99;5.6;0;.22464;2.63;340
7.5;5.6;8.9;0.396;97.2;-99;4.8;2.2;1.75392;3.93;341
7.7;5.9;9.5;0.4;95.1;-99;5.6;0;.31968;1.87;342
6;4.4;7.8;0.581;92.6;-99;4.4;3.4;2.17728;0.4;343
3.2;1.3;5.3;0.613;89;-99;3.1;3.9;2.35872;0.27;344
2.8;0.6;3.5;0.257;96.7;-99;3.8;0;.22464;12.63;345
2.3;0.1;4.2;0.225;100;-99;2.3;0;.80352;0;346
1.1;0;2.7;0.3;98;-99;3.3;2.7;1.8576;1.4;347
2.7;0.3;4.9;0.231;98.2;-99;3.4;0;.49248;0.87;348
5.1;1.4;8.7;0.852;85;-99;5.8;1.8;1.52928;2.8;349
4.9;2.3;6.8;0.351;96.9;-99;2;0.7;1.09728;0;350
7.5;4.9;10.9;0.527;92.8;-99;2;1.9;1.53792;4.73;351
5.9;0.6;11.8;0.42;95.8;-99;3;1.9;1.52928;0;352
4.5;0.1;7.7;0.386;98.9;-99;2.2;3.8;2.23776;0;353
5.7;4.5;7.4;0.323;99.5;-99;2.7;2.2;1.63296;0.4;354
6;1.7;8.4;0.391;98.5;-99;1.3;1.9;1.54656;0.87;355
2.2;0.7;3.6;0.213;100;-99;2.2;0;.6048;0.5;356
5.8;3.6;8;0.325;97.5;-99;2.8;0.3;.93312;1.83;357
5.4;3.2;6.5;0.301;98.9;-99;2;0.2;.95904;1.73;358
4.8;2.9;5.9;0.294;97.9;-99;1.4;0;.5616;1.4;359
4.8;3;6;0.297;97.2;-99;1.8;0;.50976;0;360
2;-0.5;4.2;0.435;92.2;-99;1.7;2.1;1.60704;0;361
0;-2;1.6;0.442;83.9;-99;.7;1.8;1.50336;0;362
0;-2.4;2.4;0.515;87.1;-99;2.7;2;1.62432;0;363
4.5;2.3;7;1.584;51.2;-99;2.7;1.6;1.47744;0;364
5.5;2.3;7.2;0.577;92.6;-99;4.3;3.9;2.3328;0;365
