tavg;tmin;tmax;ET0;relhumid;vapp14;wind;sundu;globrad;precip;jday
C_deg;C_deg;C_deg;mm;%;mm_Hg;m/s;hours;J cm-2 d-1;mm;
63;2;-----;-----;-----;-----;-----;-----;------;-- -;-
1.9;-2.2;3.9;0.325;96.5;-99;2.5;0.8;1.27872;0;1
7.9;-3.6;204.8;0.494;97.3;-99;2.2;3.6;2.376;0;2
4.3;1.1;6.8;0.195;99;-99;4.3;0;.24192;7.17;3
4.4;1.9;6.2;0.725;86.8;-99;5.5;0.6;1.22688;3.47;4
2;-1.5;4.5;0.331;98;-99;2.3;1.9;1.7712;0.1;5
4.8;3.9;5.8;0.211;99.8;-99;3.3;0;.57888;1.17;6
3.5;-0.4;6;0.228;99.4;-99;2.5;0;.57024;0;7
7.3;5.2;9.4;0.335;96.4;-99;4.3;0;.38016;0;8
7.5;2.1;10.5;0.226;100;-99;2.6;0;.37152;4.27;9
8.5;4.8;10.5;0.343;98.3;-99;3.9;0.6;1.28736;5.23;10
4.5;2.3;5.8;0.463;95;-99;4.3;2.9;2.28096;0;11
5.6;4.8;7.5;0.397;95.2;-99;6.2;0;.9504;7.33;12
5.5;2.8;7.5;0.306;99.8;-99;2.6;1;1.52064;0;13
7.2;2.8;10.1;0.561;92.3;-99;5.5;0;.9936;2.93;14
11.1;6.8;13.6;1.835;74.2;-99;5.9;3.7;2.75616;0.3;15
5.2;2.2;8.2;0.487;97.4;-99;2.3;4.1;2.96352;0;16
4.9;1.9;8.9;0.559;94.7;-99;2.4;4.4;3.14496;0.57;17
5.3;3.4;7.2;0.565;92.1;-99;3.7;1.9;2.03904;0;18
1.8;-1.9;5.6;0.355;99.3;-99;1.2;1.5;1.90944;0;19
3.1;-2.4;6.1;0.333;99.8;-99;1.8;1.3;1.84896;0;20
4.5;2.6;5.7;0.268;97.8;-99;4;0;.66528;0.57;21
4.7;-0.1;6.4;0.301;98.8;-99;3.2;0.3;1.4256;0;22
3.9;-0.3;5.5;0.314;96.9;-99;2.3;0;.83808;0;23
2.5;1.5;4.2;0.268;99.4;-99;2.6;0;1.3392;0;24
3.2;2.5;4.3;0.246;100;-99;2.9;0;1.24416;0;25
1.3;0;3;0.236;100;-99;3.1;0.3;1.50336;0;26
3.9;1.1;6.3;0.24;100;-99;2.9;0;1.06272;7.17;27
5;1.3;7.2;0.302;99;-99;3.6;0.4;1.61568;5.67;28
3.5;0.2;4.8;0.254;99.2;-99;4.7;0.3;1.63296;4.17;29
5.6;2.9;7.4;0.202;99.4;-99;5.6;0;.72576;6.17;30
8.5;6;9.6;0.558;94.4;-99;5.1;0.9;2.01312;2.43;31
10;7.6;11.7;0.473;95.6;-99;5.2;0;1.18368;1.3;32
5.7;3;8.3;0.734;90.1;-99;3.9;2.9;3.34368;0;33
5.9;3.8;8.9;0.372;98;-99;2.8;0;1.73664;1.1;34
4.3;2.9;6.5;0.592;93.1;-99;4.7;2.9;3.456;2.23;35
3.6;0;5.7;0.949;85.1;-99;3.9;6;5.41728;0;36
5.7;3.4;7;0.413;95.9;-99;3.9;0;1.60704;0;37
5.7;3.7;6.9;0.444;95.8;-99;0;0;1.54656;0;38
4.9;1.8;7.3;0.911;87.6;-99;2.3;5.7;5.49504;0;39
8.7;4.7;12.6;1.451;80.3;-99;7.7;1.9;3.16224;11.03;40
5.9;3;8.4;0.566;93.7;-99;6.9;1.1;2.71296;8.4;41
2.8;0.7;4.5;0.219;98.5;-99;7.1;0;1.18368;17.13;42
2.7;0.3;5.1;0.331;97.1;-99;8.1;1;2.73024;5.27;43
3;0.6;5.2;0.545;95.2;-99;4;3.3;4.33728;1.97;44
3.3;2.4;4.5;0.381;98.6;-99;1;0;1.76256;0;45
6.4;3.3;9.4;0.891;90.6;-99;4.7;5;5.63328;0;46
11;6.9;16;1.624;79.3;-99;8;0;1.9008;3.17;47
7.9;5.4;9.8;1.829;76;-99;7.6;6.6;6.96384;0.6;48
5.8;4.4;7.4;0.803;90.1;-99;6;2.5;4.1472;0.37;49
5.4;3.1;7.6;0.733;93.7;-99;4.8;4.6;5.69376;1.9;50
4.2;-0.1;7.5;0.28;98.9;-99;4.6;0;1.73664;7.53;51
5.8;3.6;8;0.855;90.6;-99;5.6;4.1;5.49504;0.1;52
7.3;5.8;8.9;0.979;86;-99;8;0;1.71936;0.97;53
5.1;3;7;0.606;91.2;-99;5.7;0;1.9008;6.7;54
4.9;1.9;6.7;0.661;92.9;-99;4.3;2;4.1904;8.1;55
5.7;2.5;8.7;1.027;86.5;-99;7;3.2;5.20992;0.3;56
3.3;1;4.9;0.557;93.8;-99;3.5;1.1;3.60288;0.67;57
2.1;-0.5;5.8;0.632;95.5;-99;1.6;2.8;5.0112;1.23;58
3.5;0.4;8.2;0.931;89.2;-99;3.2;5.5;7.29216;0.1;59
5.8;1.9;10.5;0.687;92.2;-99;5;1.1;3.7584;4.37;60
5.3;1.9;8.9;1.164;82.5;-99;4.7;2.9;5.81472;1.6;61
5.2;2.1;9.8;1.065;92.3;-99;.9;5.3;7.9488;2.6;62
4.2;1.7;7.2;0.527;98.7;-99;1.7;0.4;3.8016;0.5;63
2.8;-0.2;6.8;0.576;97.5;-99;2;1.5;4.78656;0;64
3.4;-0.9;7.8;0.869;95.5;-99;1.6;4.5;7.6032;0;65
3.9;3.6;4.4;0.486;93.8;-99;2.9;0;2.23776;1;66
3.9;-0.4;6.6;0.569;96.9;-99;3.3;1.4;4.93344;0;67
5.7;-0.5;10.4;0.901;91;-99;3.3;2.8;6.34176;0.33;68
7.1;2.3;9.9;0.665;96.5;-99;2.2;0.6;4.38048;2;69
6.1;1.8;10.4;0.344;99.3;-99;4.6;0;2.62656;14.3;70
8;4.5;10.8;1.708;81.3;-99;4.9;7.3;10.87776;0.4;71
7.1;2.9;10.3;1.575;80.7;-99;6.4;5.1;8.88192;0.2;72
4.7;1.2;7.8;0.917;88.1;-99;6;1.6;5.64192;1.73;73
2.2;-3.2;7.2;1.664;71.7;-99;1.4;10.1;14.11776;0;74
6.5;0.3;11.8;2.261;64.2;-99;4.8;6.3;10.4976;0;75
7.1;0.8;12.6;1.529;80;-99;2.3;5.4;9.69408;0;76
7;-0.8;12.5;1.656;81.5;-99;1.9;7.4;11.88;0;77
9.5;5;12.5;1.449;81.9;-99;3.9;2.1;6.6096;0.7;78
6.2;1.6;9.8;1.47;87.9;-99;1.7;7.1;11.80224;0;79
5.1;1.6;8.6;1.139;89.4;-99;2.1;4.3;9.05472;0;80
3;-2.2;7.3;1.863;71.7;-99;2.9;10.3;15.49152;0;81
1.6;-2.5;6.3;1.651;64.8;-99;2.3;6.9;12.01824;0;82
1.2;-3.1;6.1;1.921;59.3;-99;1.7;10.6;16.13088;0;83
2.2;-4;8;2.085;58.7;-99;2.2;10.6;16.32096;0;84
3.3;-2.7;9.5;2.24;55.3;-99;2.1;10.4;16.2432;0;85
4.4;-0.6;10.5;2.292;59.3;-99;2.3;10.3;16.26048;0;86
6.5;-0.4;14.1;2.176;72.9;-99;2.2;10.2;16.3296;0;87
5.6;-0.4;12;1.916;80.9;-99;2.8;10.3;16.61472;0.83;88
2.6;-3.1;5.4;1.565;73.7;-99;5.1;5;10.77408;2.9;89
1.3;-3.9;7.8;1.066;90;-99;2.3;5.1;11.06784;1.5;90
2.1;-2.3;6.6;1.814;69;-99;1.4;9.3;15.984;0;91
4.7;-1.1;8.6;1.035;87.9;-99;4;2;7.75008;0.1;92
7.4;4.6;11.6;1.924;76.2;-99;5.4;5.1;11.4912;0.57;93
5.3;0.5;9.7;1.988;71.5;-99;4.8;6.3;13.02912;0;94
5.8;-2.1;12.7;1.97;74.7;-99;1.6;8.1;15.32736;0;95
8.8;-1.4;15.6;3.236;55.7;-99;2.8;12;20.1744;0;96
11.8;4.3;20.6;3.661;52.2;-99;2.5;11.7;20.02752;0;97
9.9;1.8;15.3;2.791;74.9;-99;2.7;11.9;20.41632;0;98
11.1;-0.5;21;2.886;68.7;-99;1.8;10.4;18.76608;0;99
8.9;1.9;12.6;2.343;79.4;-99;2.9;9.7;17.9712;0;100
4.8;-1.5;9.8;2.052;81.9;-99;1.7;10.4;19.05984;0;101
7.5;-2.2;15.4;2.456;69.8;-99;.5;10.4;19.20672;0;102
12.6;4.3;21.9;3.637;57.9;-99;2.5;11.5;20.65824;0;103
6;-0.7;9.1;2.627;65.9;-99;5.6;9.9;18.80064;0.1;104
5.9;-0.4;9.7;2.868;61.6;-99;4.4;11.7;21.2544;0;105
9.4;5.9;15.1;2.713;69.1;-99;5.1;7.4;15.8976;0;106
8.4;1.8;13.4;2.371;80.7;-99;3.6;10.4;19.9152;0;107
7.2;-1.1;14.3;2.697;66.8;-99;1.4;11.3;21.168;0;108
6.9;-2.9;14.8;2.885;61.1;-99;2;11.8;21.9888;0;109
7.1;-0.3;12.6;3.13;59.1;-99;2.6;12.9;23.56992;0;110
8.7;-0.6;15.4;3.374;57.9;-99;2.4;13.1;23.89824;0;111
9.8;5.2;14.8;3.439;64.6;-99;3.7;13.1;24.12288;0;112
9.8;4.5;16;3.195;71.7;-99;2.8;13.3;24.48576;0;113
11.3;0.8;20.8;3.372;67.9;-99;1;13;24.24384;0;114
10.7;3.8;17.4;3.224;72.5;-99;3.2;12.5;23.77728;0;115
9.5;2.3;15;2.809;76;-99;2.6;11;21.85056;0;116
7.3;0.1;12.7;2.371;81.2;-99;1.6;9.7;20.25216;0;117
10.4;-1.7;20.3;3.101;68.9;-99;.7;11.6;22.95648;0;118
11.1;8.6;14.6;2.708;74.7;-99;2.4;8.2;18.36864;0.3;119
9.3;7.6;10.8;0.802;94.9;-99;2.1;0;4.91616;1.4;120
11.1;8.3;15;1.245;96;-99;2.4;1.6;9.52992;8.67;121
10;5.4;15.3;2.055;86.4;-99;2.3;6.2;15.95808;3.37;122
9.2;4.5;13.8;1.787;87.3;-99;2.4;4.7;13.92768;0.9;123
10.3;5;14.8;2.366;83.2;-99;2.5;7.8;18.28224;0;124
8.4;3.6;12.7;2.674;77.4;-99;2.2;10.5;22.10976;0;125
7.6;3.5;12.2;2.253;76.9;-99;3.1;7.3;17.76384;0;126
9.7;3.8;13.7;3.422;69.4;-99;4.2;13.8;26.81856;0;127
10;5.2;14.9;2.185;81.5;-99;2.9;5.9;15.99264;0;128
10.5;1.4;17.9;3.462;71.9;-99;1.5;13.6;26.75808;0;129
13.3;4.5;21;2.92;72.2;-99;.7;8.2;19.33632;0;130
16;8.9;24.7;3.932;65;-99;2.8;9.7;21.49632;2;131
6.8;-1.2;10.4;2.357;66.2;-99;4.3;4.4;14.17824;0.8;132
5.8;-2.2;11.9;1.593;85.7;-99;2.9;4.4;14.27328;3.9;133
6.7;3.5;10.9;1.415;93;-99;1.7;3.1;12.49344;1.6;134
6.5;-0.6;11.6;2.924;72;-99;2.2;13;26.55936;0;135
7.7;-0.8;13.5;2.048;80.6;-99;2.6;5.8;16.44192;0.2;136
10.5;4.8;15.8;2.872;70.8;-99;3.6;7.6;19.008;0;137
12.4;4.8;17.7;3.665;65.2;-99;4.1;10;22.54176;0;138
12.5;10.8;14;1.26;89.1;-99;3.1;0;6.64416;1.2;139
12.6;4.2;17.4;2.718;82;-99;3.4;8;19.77696;0;140
10.4;1.7;16.2;3.672;72.6;-99;1.7;14.7;29.51424;0;141
12.9;1.9;21.2;4.06;63.8;-99;1.4;14.1;28.5984;0;142
15.1;8.6;20.9;3.693;62.7;-99;3;7.4;19.10304;3.17;143
13.8;7.6;17.2;2.091;84.5;-99;2.3;3.1;12.90816;0.3;144
12.2;7.6;16;2.386;79.7;-99;3.4;4.3;15.32736;3.67;145
11.6;6.3;16;1.646;90.6;-99;3.2;2.6;12.27744;0;146
13.3;5.7;19.2;3.065;82.1;-99;1.4;8.5;21.816;0;147
13.3;4.1;19.5;3.484;77.4;-99;2.1;11.4;25.11648;0;148
13.4;5.6;18.9;4.002;72.9;-99;2.7;14.1;29.1168;0;149
13.3;2.6;19.6;4.29;63.8;-99;1.6;14.8;30.21408;0;150
14;7.6;19.7;4.063;62.1;-99;2.2;11.8;25.84224;0;151
14.9;8.3;20.6;4.945;57.3;-99;4;14;29.0736;0;152
16.2;9.2;22.2;5.001;59.4;-99;2.4;15.8;30.81024;0;153
16.7;7.4;23.9;4.83;65.1;-99;2;15.6;30.49056;0;154
16;9.7;22.7;4.783;63;-99;2.3;15.3;30.1968;0;155
15.1;11.2;22.3;2.165;80.5;-99;2.2;1.4;11.5776;16.43;156
13.4;9.5;17.6;3.212;74.8;-99;3.1;8.6;21.27168;3.6;157
11.8;6.3;18.2;3.337;73.1;-99;4.5;10.7;24.08832;0;158
13.7;6.7;19.9;3.099;75.1;-99;1.8;8;20.44224;1.43;159
12.8;4.4;19.1;3.044;76.4;-99;.8;8.6;21.33216;0;160
14.1;5.4;20.3;3.539;77.8;-99;1.2;11.1;24.6672;0;161
15.2;8.7;20.1;3.112;73.7;-99;2;6.6;18.6192;0.2;162
15.2;13.6;18.6;1.259;96.8;-99;2.4;0;8.32896;1.9;163
15.8;13.6;19.9;1.552;98.3;-99;1.9;0.7;10.67904;0;164
18.2;13.9;26.7;2.965;89.5;-99;2.4;6.9;19.12032;0.2;165
18.1;12.7;22.9;4.86;72.1;-99;3.4;15;30.0672;0;166
17.6;11.4;23.3;5.119;64.1;-99;2;16.1;31.6656;0;167
17.8;8.1;24.6;4.853;62.2;-99;1.4;14.7;29.6784;0;168
19.7;9.3;27;5.276;63.1;-99;1.6;15.4;30.63744;0;169
17.1;12.6;22.2;2.933;78.5;-99;1.8;5.1;16.77024;11.2;170
15.7;14.6;16.2;0.643;100;-99;2.6;0;3.8016;47.5;171
15.3;14.9;15.9;0.587;100;-99;3.8;0;3.96576;36.03;172
16.4;10.9;20.3;3.922;85.9;-99;2.6;13.7;28.45152;0;173
16.3;9.1;21.6;4.002;81.3;-99;2.4;13.2;27.70848;0;174
16;8.8;21.2;4.701;73.4;-99;1.6;16.5;32.14944;0;175
18.8;9.8;25.3;4.786;73.4;-99;1.3;14.5;29.51424;0;176
21;14.5;26.7;4.897;74.7;-99;2.5;13.1;27.61344;0;177
21.3;17.1;28.3;3.765;84.2;-99;1.3;8.4;21.15072;0.33;178
22.3;17.6;29.9;4.88;82.8;-99;1.1;13.2;27.63936;1.97;179
19.5;15.1;24.8;2.697;89.3;-99;1.2;4.2;15.48288;6.1;180
18.2;12.7;24.1;4.285;73;-99;1.5;12;26.03232;0;181
15.5;12.7;18.3;2.533;80.4;-99;4.2;2.8;13.5648;0;182
17.3;13.2;22.3;3.323;86.3;-99;2.8;9.1;22.27392;0.4;183
16.6;13.3;21.5;2.086;93.1;-99;1.6;2.4;13.2624;5.57;184
16.9;14.8;21.7;2.826;85.9;-99;1.6;5.7;17.64288;0.2;185
16.9;15.5;18.7;1.366;92.7;-99;3.4;0;7.35264;3.83;186
18.1;11.8;22.2;1.92;92.9;-99;3.9;1.6;12.1824;1.5;187
14.9;11.8;19;3.315;78.6;-99;4.1;9;22.02336;0.4;188
13.9;11;19.6;2.746;79.7;-99;3.1;5.8;17.6688;3.7;189
13.4;8.8;18.1;2.741;83.4;-99;2.2;6.5;19.37088;0;190
11.9;7.5;15.1;1.155;96.8;-99;1.4;0;7.80192;20.23;191
12.1;10;14.9;0.939;98.6;-99;1.9;0;6.50592;7.13;192
13.4;7.8;18.3;3.334;78.7;-99;2.6;10.6;24.04512;0.1;193
13.9;7.7;18.5;3.011;80.2;-99;2.3;8.1;20.59776;0;194
15.3;8.1;21.6;4.284;74.1;-99;1.6;14.7;29.35872;0;195
17;9.5;24.9;3.423;78.9;-99;1.4;8.5;21.09888;5.57;196
14.9;11.9;18.9;1.518;95.6;-99;.5;0;8.97696;5.47;197
15.8;11.7;20;3.785;82;-99;2.1;12.4;26.1792;0;198
17.4;11.3;22.3;4.109;77;-99;2.6;12.3;25.91136;0;199
19.1;9.7;25.7;4.228;72.1;-99;1;11.5;24.90048;0;200
21.2;12.7;27.8;3.894;74;-99;1.2;8.5;20.75328;0;201
17.1;11.1;20.4;3.284;80.8;-99;2.4;8;20.06208;0.2;202
14.5;8.6;20;2.969;76.1;-99;1.9;6.9;18.50688;0;203
14.2;9.1;19.9;2.889;77.8;-99;1.6;6.9;18.56736;0.3;204
16.5;10.1;21.5;4.381;68.2;-99;1.4;14;27.79488;0;205
17.3;13.4;22.9;2.697;79.1;-99;2.6;3.5;13.97088;1.37;206
17.8;9.6;24.3;3.175;77.8;-99;1.7;6.7;17.99712;0;207
17.9;11.8;22.2;1.967;92.5;-99;2;1.9;11.64672;3.9;208
16.9;9.6;22.9;2.484;83.8;-99;1.3;4;14.37696;1.5;209
18.4;13.3;24.3;3.29;78.2;-99;2.6;6.7;17.91072;0.2;210
15.5;11.6;19.7;2.756;77.6;-99;3.4;4.4;14.84352;0.7;211
15.4;9.9;20.9;3.282;74.7;-99;2.6;8.2;19.60416;0;212
16.2;9.6;21.9;4.18;77.6;-99;2;14.6;27.9072;0;213
19.4;9.2;27;4.625;68.8;-99;1.9;14.1;25.99776;6.27;214
18.6;16;22.2;1.952;90.9;-99;1;1.7;10.60992;2;215
16.4;10.5;20.6;3.847;79.8;-99;2;13.7;25.23744;0;216
15.4;8.7;20.9;4.052;73.4;-99;1.5;15;26.76672;0;217
18;7.9;26.9;4.44;66.8;-99;1.8;14.2;25.68672;0;218
21.6;10.8;29.5;5.125;57.1;-99;1.4;15;26.51616;0;219
22.9;13.3;30.4;5.235;62.2;-99;1.6;14.8;26.1792;0;220
23.4;15.7;30.4;4.61;74.1;-99;1.2;12.9;23.73408;0;221
23.4;17;29.7;4.062;76.6;-99;1.6;9.9;20.01888;0;222
23.4;15;31.7;4.683;74.6;-99;1.6;13.2;23.83776;0;223
21.8;17.5;27.4;4.795;74.1;-99;2.7;14.3;25.11648;0;224
20.8;15.9;27.6;4.682;72.5;-99;2.5;14.4;25.02144;0;225
20.8;15.7;27.4;4.624;73.3;-99;2.1;14.6;25.11648;0;226
22;15.6;29.8;3.967;75.6;-99;1.1;10.9;20.71872;0;227
23.1;12.7;30.3;4.546;60.1;-99;1.2;12;21.89376;0;228
23.3;15.1;30.1;5.001;62;-99;1.8;13.5;23.42304;0;229
23.2;16.9;29.8;5.119;59.6;-99;1.9;13.7;23.5872;0;230
18.4;14;21.8;1.338;96.2;-99;.9;0;6.912;1.6;231
20.3;15.6;25.3;3.706;78.4;-99;1.1;11.2;20.36448;0;232
21.2;14.9;27.5;2.605;78.6;-99;1.5;3.8;11.75904;0;233
21;15.4;27.1;1.701;89.8;-99;1;0.5;7.93152;0.3;234
20.2;15.8;26.1;2.636;81.6;-99;2.1;4.6;12.51936;1.83;235
17;13.7;23.4;2.373;88.8;-99;3.1;6.5;14.61024;4.23;236
15.5;12.4;19.6;1.601;95.9;-99;2.2;3.1;10.60992;10.7;237
16.1;12.6;20.1;2.909;78.3;-99;1.8;8.7;16.81344;4.97;238
15.9;14.3;17.4;0.627;100;-99;4.6;0;4.57056;43.2;239
15.2;11.2;18.2;1.679;90.7;-99;4;3;10.20384;1.3;240
14.6;11.3;18.7;1.251;97.4;-99;1.3;0.7;7.61184;6.27;241
15.8;11.2;21.4;2.871;87.6;-99;1.8;11;18.78336;0;242
16.2;8.7;23.3;3.334;80.6;-99;1;12.9;20.72736;0;243
15.6;9.5;20.3;2.874;84.2;-99;1.8;10.7;18.17856;0;244
13.9;6.1;19.5;3.147;76.6;-99;1.7;12.7;20.36448;0.4;245
14.9;11.5;18.8;1.647;95.3;-99;1.9;4.4;10.80864;2.83;246
15.5;9.1;21;2.689;81.3;-99;2.5;8.9;15.77664;4.3;247
17.2;13.6;21.5;2.853;84.6;-99;2.5;10;16.91712;0;248
14.6;12.3;19.7;1.637;89.9;-99;2;3.5;9.46944;0.77;249
13.1;8.6;18.7;2.129;86.8;-99;2.4;7.7;14.10048;0.2;250
13.8;8.8;19.1;2.657;80.5;-99;1.9;10.3;16.74432;0;251
16.1;12.6;21.3;1.67;88.3;-99;3.6;2.7;8.25984;0;252
17.3;13.5;22.4;1.588;93.6;-99;4;3.9;9.57312;1.5;253
13.1;7.7;17.8;2.233;83.8;-99;2.2;8.2;14.1264;0.4;254
13.6;7.8;19.6;2.137;82;-99;1;7.2;12.8304;0;255
14.4;7.1;22;2.573;82.2;-99;2.6;10.1;15.79392;0.1;256
15.9;10.2;22.6;2.605;80.7;-99;2.8;8.7;14.23872;0;257
18;10.6;26.7;2.961;81.9;-99;.9;11.3;16.72704;0;258
19.2;12;29.1;2.642;83;-99;.7;8.9;14.07456;0;259
17.2;11.8;24.4;2.492;88;-99;2.5;9.7;14.8176;0;260
11.4;3.8;16.2;2.6;73.6;-99;2.3;11.1;16.10496;0;261
10.1;0.9;20.5;2.357;78.5;-99;.6;11.7;16.52832;0;262
10.8;0.7;19.2;2.078;74.3;-99;.6;8.7;13.34016;0;263
12.5;3.3;21.3;2.418;77.9;-99;.7;11;15.43104;0;264
12.1;2.6;23.2;2.305;81.4;-99;.6;10.7;15.00768;0;265
14.4;5.2;25.1;2.345;81.1;-99;.6;9.9;14.06592;0;266
15;6.9;24.3;2.389;77.1;-99;.8;9.6;13.608;0;267
14.7;8.9;20.7;2.022;77.5;-99;1.8;5.6;9.59904;7.97;268
11.8;6;14.8;0.672;95.3;-99;1.1;0;2.8512;13.37;269
11.3;5.3;17.5;0.747;96.1;-99;2.8;0.1;4.19904;12.03;270
10.8;10.2;12.3;0.373;99.2;-99;1.7;0;1.14048;6.3;271
12.5;10.6;16.9;1.7;89.9;-99;2;7.5;10.94688;0;272
11.4;4.4;19.3;1.885;88.9;-99;.4;9.1;12.24288;0;273
12.4;4.3;19.1;2.024;88.4;-99;.8;10.2;13.06368;0;274
13.8;10.6;17;1.211;96.9;-99;1.6;4.4;7.4736;0;275
14.1;12.7;17.1;1.012;93.9;-99;2.4;1.8;5.1408;0;276
15.5;13.3;19;1.282;93.7;-99;3.2;4.3;7.2144;0;277
13.3;9.1;18.4;1.79;84.6;-99;2.2;7.5;9.81504;0;278
11.4;7.7;16.3;1.059;92.1;-99;1.2;2.9;5.7888;0;279
10.8;6.5;14.9;0.733;97.5;-99;2.6;1.5;4.59648;0.4;280
11.6;9.1;15.7;0.789;96.9;-99;2.6;1.8;4.74336;1.9;281
11.7;9.1;14.5;0.519;98.7;-99;4.5;0.2;3.31776;9.4;282
12.2;8.7;15.3;1.416;91.1;-99;2.5;7;8.79552;0;283
9.1;4.7;12.7;1.143;91.9;-99;3.1;6;7.9056;0.47;284
7.5;3.4;12.2;0.892;96.6;-99;2.4;5.1;7.0416;1.3;285
8.1;3.9;12.1;0.915;98.2;-99;1.2;4.4;6.41088;0.7;286
8.4;2.1;15.9;1.095;93.8;-99;1;5.2;7.24032;0;287
9.7;8.5;11;0.703;91.6;-99;6.3;0;1.37376;6.1;288
8.9;5.9;10.1;0.668;93.3;-99;4.2;0;2.79072;0;289
8.6;4.9;12;1.168;90.5;-99;2;6.6;7.62912;0;290
9;5.8;15.4;1.125;91.7;-99;1.5;6.1;7.16256;2.1;291
8.6;4.3;11.7;1.109;87.9;-99;3.5;4.6;5.97024;3.27;292
7.4;3.3;12.6;1.01;93.9;-99;2;6.6;7.33536;0;293
8.1;5.1;10.6;0.736;93.8;-99;2.7;2.2;4.104;1.8;294
12.4;10;15.9;0.655;94.7;-99;3.6;0;2.35008;0.33;295
15.1;11.8;17.5;1.522;87.5;-99;4.7;5.7;6.33312;0;296
11;7.7;13.5;0.832;97.6;-99;2.3;4.4;5.39136;0;297
12.3;9.5;15.1;0.839;95.1;-99;3.3;3.3;4.51872;0.2;298
13.2;11.6;15.7;1.053;90.8;-99;3.7;3.2;4.42368;2.83;299
10.4;8.5;12;0.349;100;-99;1.5;0;1.0368;4.9;300
8.8;6.3;12.1;0.767;94.8;-99;3.3;3.9;4.74336;0.9;301
9.9;7.7;14;0.806;94.3;-99;3.8;4;4.68288;2.47;302
9.2;5.8;11.6;0.711;95.4;-99;3.6;3.4;4.26816;1.5;303
10.6;5;13.5;0.365;100;-99;2.3;0;1.49472;9.97;304
13.7;12.7;16.1;0.737;98.6;-99;2;3.2;3.98304;0.3;305
12.8;11.2;14.5;0.614;98.3;-99;3.5;2.8;3.52512;0.9;306
16.4;12;19.5;0.778;95.2;-99;5.3;1.9;2.85984;0.87;307
9.3;5.1;12.6;0.895;93.2;-99;2.8;6;5.27904;0;308
7.3;5.2;11.5;0.77;95.8;-99;3.1;6.8;5.7024;0;309
7.9;3.5;11.1;0.68;96;-99;3.2;4.8;4.45824;0;310
11;9.4;11.8;0.303;100;-99;2.6;0;.93312;0.5;311
7.8;1.3;10.9;0.703;96.3;-99;2;4.9;4.37184;0;312
4.7;-0.5;9;0.472;99.3;-99;1.3;2.3;2.81664;0;313
5.1;4.7;5.7;0.276;100;-99;2.6;0;1.26144;0;314
5.1;4.4;5.9;0.221;100;-99;2.6;0;.53568;0;315
5.3;4.6;6.1;0.264;99.6;-99;1.8;0;.648;0;316
7.1;4.9;9.6;0.391;99.7;-99;2.3;1.3;2.13408;0.37;317
8;5.1;10.4;0.543;99.4;-99;1.6;3.4;3.1536;0;318
10.2;7.6;12.5;0.41;100;-99;1.7;0.7;1.70208;0;319
10.6;7.9;15.5;0.714;94.8;-99;2.5;4.1;3.4128;0.4;320
10;7.7;12;0.704;94.2;-99;3.8;4;3.31776;0.2;321
9.8;7.2;11.9;0.262;100;-99;3.3;0;.80352;0.83;322
10.6;8.2;11.7;0.323;98.2;-99;4.3;0;.7344;0.2;323
8.5;3.9;12.1;0.977;85.6;-99;5.6;1;1.74528;5.7;324
3.3;0.4;7.7;0.501;96.1;-99;2;4;3.1536;9.5;325
4.5;0.5;7.9;0.215;99;-99;5;0;.69984;1.9;326
7.8;4;10.4;0.507;95.6;-99;4.2;2.2;2.22048;1.27;327
5.9;4;9;0.496;98;-99;3.3;5.2;3.57696;0;328
5.4;3;7.4;0.28;99.8;-99;3.6;1;1.5984;0;329
2;1.1;3.6;0.229;100;-99;2.8;0;1.13184;0;330
5;1;8.9;0.247;99.8;-99;2.2;0;.67392;1.27;331
0.8;-2.2;6.2;0.484;100;-99;.3;4.2;2.97216;0;332
1;-1.7;5.3;0.394;99.2;-99;.2;1.7;1.83168;0;333
2.5;1;4.4;0.251;99.1;-99;1.3;0;.5184;0.1;334
1.3;0.4;2.1;0.253;99.4;-99;2;0;1.05408;0.37;335
2.6;1.7;3.6;0.268;99.8;-99;1.4;0;.88128;0;336
1.6;-0.5;3.6;0.332;99.9;-99;1.6;2.6;1.99584;0;337
-0.5;-1.6;0.7;0.251;97.1;-99;3.4;0;.72576;0;338
0.2;-1.7;1.8;0.263;98;-99;3.1;1.1;1.35648;0;339
1.8;0.5;4.4;0.304;99.5;-99;1.9;1.9;1.66752;0;340
5.5;2.7;7.3;0.337;99.9;-99;2;1.9;1.6416;0;341
6;3.3;7.2;0.335;96.6;-99;3.4;0;.72576;0;342
3.1;1.6;4.6;0.279;99.9;-99;1.9;0.9;1.21824;0;343
1.6;0.9;2.3;0.196;100;-99;2.2;0;.432;0.2;344
-0.5;-1.3;1.4;0.181;100;-99;2.3;0;.2592;0;345
-0.6;-1;0;0.161;100;-99;3.3;0;.3024;0;346
1.6;-0.1;2.8;0.258;97.7;-99;2.9;0;.81216;0;347
0.9;-0.7;2;0.245;99.4;-99;1.6;0;.8208;0;348
4.4;0.8;6.8;0.281;99.6;-99;2.7;1.2;1.31328;0.5;349
6.1;5;7.2;0.383;97.3;-99;1.9;1.4;1.36512;2.2;350
6.8;5;9.1;0.39;99.6;-99;1.7;2.6;1.82304;0;351
6.7;5.3;8.1;0.269;99.1;-99;3.1;0;.7776;1;352
6;2.6;8.6;0.419;98;-99;2.5;3.7;2.19456;0;353
3.2;0.1;6.9;0.361;98.1;-99;2.2;3;1.92672;0;354
4.6;2.7;5.4;0.27;98.7;-99;2.1;0;.648;5.5;355
4.6;2.6;6.8;0.272;99.9;-99;2.5;0.9;1.18368;4.43;356
7.3;4.4;11.8;0.364;95.9;-99;3.8;0;.53568;5.6;357
4.1;1.8;5.8;0.356;99.8;-99;1.1;1.9;1.5552;11.23;358
3.9;2.9;5.3;0.266;98.1;-99;3.3;0;.76896;9.1;359
2.9;2.1;3.6;0.519;88.7;-99;2.8;0.6;1.06272;0.1;360
1.6;-1;3.5;0.32;95.1;-99;3.8;0;.78624;0;361
2.3;0.4;3.6;1.099;77.1;-99;8;0.2;.96768;0;362
2.3;1.1;3.7;0.533;88.1;-99;2.9;1;1.21824;9.43;363
1.4;0.3;3.7;0.231;99.9;-99;2.2;0.2;.9504;0;364
3.4;1.8;4.2;0.515;92.1;-99;4.1;2.8;1.93536;0;365
2.8;1.1;3.9;0.315;96.9;-99;3.2;0.9;1.20096;0;366
