tavg;tmin;tmax;ET0;relhumid;vapp14;wind;sundu;globrad;precip;jday
C_deg;C_deg;C_deg;mm;%;mm_Hg;m/s;hours;J cm-2 d-1;mm;
63;2;-----;-----;-----;-----;-----;-----;------;-- -;-
7.1;1.7;11.2;0.21;99.6;-99;3.1;-99;.19008;6;1
8.3;4;12.2;0.479;93.4;-99;2.9;-99;.78624;0;2
4.8;2.8;8.7;0.581;90.1;-99;5.7;-99;.72576;7.4;3
5;3.7;6.6;0.881;82.6;-99;4.5;-99;1.44288;8.8;4
4.8;3;6.4;0.535;90.8;-99;3.4;-99;1.22688;6;5
2.7;-0.4;4.5;0.652;82.6;-99;2;-99;1.728;0.3;6
5;3;7;0.388;93.6;-99;3.5;-99;.28512;7.7;7
5.1;3.3;6;0.398;94.8;-99;3.3;-99;.98496;1.8;8
3.6;1.8;7.8;0.336;96.2;-99;1;-99;.85536;4.5;9
5.5;4.5;6.8;0.615;90.4;-99;2.5;-99;2.2464;0;10
6.7;3.8;8.2;0.428;92.7;-99;1.7;-99;.66528;0.4;11
7.2;3.9;9.3;0.713;87;-99;4.4;-99;.31104;3.1;12
4;3.5;4.7;0.407;75.2;-99;.1;-99;1.00224;0;13
2.8;1.3;4;1.045;72;-99;2.8;-99;2.73024;0;14
0.9;-1.5;2.7;0.712;80.2;-99;1.9;-99;2.85984;0.1;15
3.4;1;4.7;0.316;96.6;-99;2.4;-99;.87264;0.3;16
3.8;2.1;4.4;0.372;92.5;-99;0;-99;1.07136;0;17
1.9;0;4.6;0.479;92.6;-99;.1;-99;2.38464;7;18
4.7;1.5;5.5;0.316;96.3;-99;.2;-99;.49248;4.2;19
2.4;0.9;4.2;0.36;94.4;-99;.8;-99;1.08;0.9;20
2.8;1.1;5.1;0.234;97.8;-99;3.7;-99;.38016;6.1;21
3.5;1.1;5.1;0.541;89.7;-99;3.9;-99;1.09728;2.5;22
0.4;-3.3;3.5;0.594;88.2;-99;1.2;-99;3.56832;0;23
-2;-5;3.2;0.51;94.8;-99;.2;-99;3.30048;0;24
-1.7;-4.3;1.8;0.566;87.2;-99;.3;-99;3.64608;0;25
-1.6;-3.5;1;0.521;91.7;-99;2.2;-99;3.6288;0;26
-2.3;-3.8;-1.1;0.702;77.4;-99;4.2;-99;1.30464;0;27
-4.1;-5.8;-2.7;0.49;81.8;-99;1;-99;2.74752;2.4;28
-4.6;-5.5;-3.6;0.65;72.9;-99;2.2;-99;2.83392;0;29
-5;-7.5;-1.6;0.948;51.4;-99;1.9;-99;4.32;0;30
-5.6;-8.6;-2.4;0.654;73.4;-99;1.7;-99;4.39776;0;31
-5.6;-8.2;-2.1;0.687;65.1;-99;1.2;-99;4.33728;0;32
-7.9;-13;-2.9;0.394;74.1;-99;.2;-99;3.14496;0.2;33
-7.8;-15.4;-4.1;0.505;77.9;-99;.9;-99;4.48416;1;34
-11.4;-19.1;-5.3;0.359;88.5;-99;.4;-99;4.43232;0;35
-12.3;-19.5;-9.5;0.333;89.2;-99;.1;-99;4.19904;0;36
-14.9;-19.6;-10.2;0.328;77.2;-99;.1;-99;5.24448;0;37
-5.8;-13.3;-2.1;0.433;88.7;-99;1.9;-99;3.42144;0;38
-1.9;-3;-0.5;0.631;79.1;-99;2.2;-99;2.2896;0.6;39
-2.4;-4.1;0;0.568;86.6;-99;4.5;-99;3.024;0;40
-4.5;-7;-1.1;0.535;86.2;-99;1;-99;4.16448;0;41
-4.3;-6.7;-2.6;0.794;71.6;-99;1.1;-99;6.25536;0;42
-3.1;-6;0.2;0.382;93.3;-99;2.2;-99;2.39328;0.8;43
-2.2;-6.2;-0.1;0.411;97.8;-99;1.4;-99;3.13632;0;44
-0.5;-3.8;2.8;0.322;99.5;-99;2.2;-99;2.21184;2.4;45
2;-0.4;4;1.49;71.4;-99;7.1;-99;6.44544;0;46
1.1;-2.3;4.1;0.95;80.2;-99;2.5;-99;5.92704;9.7;47
3.7;1.4;5.6;0.435;95.6;-99;3.7;-99;2.36736;0;48
4.3;1.5;6.8;0.243;99.1;-99;4;-99;1.02816;7.5;49
3.1;0.6;6.2;0.835;83.7;-99;4.1;-99;3.00672;0.2;50
1.8;0;4.9;1.209;76.7;-99;3.9;-99;7.28352;1;51
3.2;0.1;6.2;0.29;97.3;-99;4.6;-99;1.14048;2.7;52
5.9;4.8;7.3;0.653;91.4;-99;5.3;-99;2.53152;4.2;53
7.3;4.7;9.6;1.026;88.8;-99;5.5;-99;5.92704;0.4;54
8.2;5.2;10.1;0.735;91.1;-99;4;-99;2.7648;0;55
5.4;4.2;7.7;1.047;81.7;-99;4;-99;3.78432;0;56
2.6;-0.1;4.9;1.212;79.2;-99;1.9;-99;8.8128;0;57
0.8;-3.4;5.9;0.394;98.6;-99;1.8;-99;2.9376;2.3;58
8.3;5.8;11;0.454;97.6;-99;3.7;-99;2.40192;1.1;59
8.8;7.1;10.8;0.483;99;-99;3.1;-99;3.08448;0.2;60
7.7;5.6;10.1;0.601;95.7;-99;2.5;-99;3.2832;0;61
4.7;-2;9.5;0.784;92.5;-99;1.9;-99;5.41728;0;62
3;-1.8;8.4;1.421;71.2;-99;1.9;-99;9.36576;0;63
2.8;0.6;5.8;1.296;65.1;-99;1.4;-99;7.36128;0;64
1.6;-0.9;6.6;1.366;69.5;-99;2.3;-99;8.856;0;65
0.3;-2.4;4;1.185;78.1;-99;3.1;-99;9.64224;0;66
1.7;-2.8;5.3;1.483;67.3;-99;3.3;-99;8.44992;3.5;67
3.7;2.3;6.9;0.767;92.7;-99;3.2;-99;6.1776;1;68
4.9;-0.3;8.7;0.818;90.4;-99;3.2;-99;5.30496;0.9;69
7.8;6.2;10.7;0.841;91;-99;3.7;-99;4.42368;0.1;70
6.6;4.5;8.3;0.839;93.7;-99;5.4;-99;7.02432;0;71
6.7;5.7;8.8;0.683;96.6;-99;2.7;-99;5.03712;0;72
7.3;5.6;10.2;1.007;88.9;-99;3;-99;5.98752;0;73
6.5;2.8;8.2;0.888;90.1;-99;1.7;-99;5.37408;0;74
4.8;-0.9;7.3;0.601;91.6;-99;1.2;-99;2.9808;0;75
7.5;-1;17.3;1.65;84.1;-99;1.6;-99;12.0528;0;76
6.3;1.6;9.7;0.731;93.6;-99;1.4;-99;4.4064;0;77
7.8;1.9;13.8;1.052;88.3;-99;2.5;-99;6.14304;0;78
5.5;1.7;9.2;1.427;81.5;-99;4.4;-99;9.60768;1.5;79
7.5;2.4;11.6;1.156;86.8;-99;3.5;-99;6.87744;0;80
9.7;7.2;14;1.552;87.9;-99;3.2;-99;10.89504;0.1;81
7.9;1.8;14.2;1.901;83.4;-99;1.6;-99;14.42016;0;82
7.5;1.2;14.8;1.389;83;-99;1.2;-99;9.14112;0;83
3.7;-0.7;9.3;0.518;98.6;-99;1.7;-99;3.85344;0;84
5.7;-0.3;11.6;0.867;91.6;-99;2.4;-99;5.99616;0;85
5.1;-1.9;14.8;1.198;84.4;-99;1;-99;8.60544;0;86
9.6;5.5;14.9;1.5;82.8;-99;2.6;-99;8.43264;0;87
10.8;5.7;17.1;2.387;70.4;-99;5.2;-99;9.35712;0.1;88
7.3;5.4;9.7;1.127;83.5;-99;4.5;-99;4.35456;0;89
7.3;4.9;10.7;1.374;82.9;-99;5.9;-99;7.23168;1.4;90
4.7;1.7;6.6;1.718;71.5;-99;6.4;-99;7.41312;0.8;91
4.3;-1.3;7.6;1.043;86;-99;3.5;-99;7.19712;1.6;92
4.3;1.9;7.1;1.954;63.5;-99;2.1;-99;13.32288;0;93
2.4;1.3;4.9;0.771;91.3;-99;1.6;-99;5.99616;3.7;94
3;2;4.8;0.793;86.5;-99;4;-99;4.08672;0;95
3.5;-3.7;9.8;2.133;64.7;-99;1.8;-99;17.57376;0;96
3.1;-5.7;10.6;1.834;74.2;-99;1.9;-99;16.2;9.2;97
1.8;0.5;2.8;0.598;84.6;-99;0;-99;3.78432;1.3;98
2.4;-2.5;7.2;1.941;60.3;-99;1.3;-99;16.05312;0;99
5.4;0.9;9.6;1.468;73.5;-99;3.9;-99;6.22944;0.3;100
9.9;6.1;13.2;1.293;86.7;-99;4;-99;6.9984;0.2;101
8;2.3;11.5;0.929;90.6;-99;1.6;-99;5.49504;1;102
6.2;0.5;13.4;1.145;90.6;-99;1;-99;8.45856;1;103
6.4;1.5;9.7;0.866;93.3;-99;1.3;-99;5.88384;1.3;104
6.4;-1.7;12.7;2.008;76.5;-99;1.1;-99;15.83712;0;105
7.7;1.2;14.6;2.337;68.3;-99;1.8;-99;16.32096;0;106
5.8;2.6;9.6;2.55;67.5;-99;3.8;-99;20.02752;0;107
4.9;-0.9;9.6;2.02;64.3;-99;1.9;-99;14.27328;0;108
8.3;3.7;12.4;2.236;53.9;-99;1.9;-99;10.53216;0;109
10.8;6;16.7;3.243;59.6;-99;2.8;-99;18.86976;0;110
9.6;6.7;17.2;1.594;89.1;-99;1.6;-99;11.50848;1.4;111
9.8;3.8;16.6;2.346;76.6;-99;2;-99;16.36416;0.1;112
7.6;2.4;12.6;1.563;84.7;-99;1.9;-99;11.51712;2;113
7.3;-0.3;14.1;1.839;79.3;-99;2;-99;13.59072;0.1;114
10.4;4.3;16.8;2.041;72;-99;2.7;-99;10.152;2.9;115
10.8;7.9;14.8;2.171;76.2;-99;1.9;-99;13.59072;0;116
12.3;7.8;17.1;2.037;70;-99;2.9;-99;7.2576;0.4;117
13.7;9.6;18.2;2.779;67.9;-99;2.4;-99;14.13504;2.2;118
13.3;9;20.2;2.917;77.5;-99;2.3;-99;19.12032;0;119
10.9;7.6;14.8;2.032;82.6;-99;3.4;-99;13.62528;0;120
11;3.8;16.8;2.93;77.5;-99;2.3;-99;21.84192;0;121
12.6;7.2;19.4;3.984;58.2;-99;3.8;-99;22.48992;0;122
12.8;7.1;19.9;3.91;55.5;-99;2.5;-99;22.92192;0;123
12.3;6.2;20.1;2.531;71.4;-99;1.3;-99;15.69888;1.1;124
13.2;10.1;16.6;1.805;81.1;-99;2.2;-99;9.35712;0;125
8.4;4.1;11.8;2.677;64.8;-99;2.8;-99;17.56512;0;126
8.3;5.7;12.3;2.859;60.4;-99;2.3;-99;19.30176;0;127
7.2;5.3;8.3;0.984;79.9;-99;1;-99;4.91616;0.1;128
12.5;5.3;18.9;2.954;68.4;-99;2.6;-99;17.2368;0;129
16.4;12.1;21.5;3.156;73.8;-99;3.4;-99;16.13088;0;130
17.7;12;22;2.384;82.3;-99;3.8;-99;11.1888;32.4;131
17.6;10.3;22.4;2.842;78.5;-99;4.7;-99;12.96;0;132
8.9;6.8;11.6;2.66;68.4;-99;4.9;-99;16.0272;2.1;133
8.7;4.2;12.7;2.868;74.6;-99;2.8;-99;23.52672;0;134
10.5;2.1;16.3;3.472;60.2;-99;3.1;-99;22.2912;0;135
11.7;7.1;18;2.848;69;-99;2.9;-99;16.90848;2.8;136
8.2;4.3;12.6;1.717;83.5;-99;2.7;-99;12.77856;2.2;137
7.4;2.8;12.7;2.308;75.5;-99;2.6;-99;18.38592;0.3;138
10.7;1.6;16.9;2.94;60.2;-99;2.2;-99;17.3664;0;139
14.1;7.7;22.3;2.938;66.4;-99;1.7;-99;16.52832;0;140
18.8;12;25.5;4.746;57.6;-99;2;-99;25.11648;0;141
20.3;14.8;26.2;4.424;67.4;-99;2.6;-99;22.04928;0;142
20.1;15.4;27.1;4.279;75.7;-99;2.5;-99;23.82048;0;143
17.7;12.3;23.8;4.303;71.6;-99;3.5;-99;24.84864;0;144
15.6;8.6;21.4;4.832;51;-99;2.5;-99;27.19008;0;145
15.1;6.3;21.6;4.436;55.4;-99;1.7;-99;27.3888;0;146
15.9;6.4;23.4;4.104;58.8;-99;1.6;-99;24.2352;0;147
16.2;8.8;22.3;4.471;61.6;-99;1.6;-99;27.71712;0;148
16.9;6.1;24.7;4.518;62.6;-99;2.1;-99;26.57664;0;149
12.2;5;16.2;2.805;78.1;-99;3.3;-99;19.5696;0;150
10.6;4.7;14.5;2.197;71;-99;2.2;-99;12.45888;0;151
11.6;7.3;15.4;2.173;73.3;-99;1.3;-99;13.33152;3.8;152
11.3;8.3;14.9;3.882;60.3;-99;5.1;-99;23.64768;0.1;153
9.8;5.8;14;3.133;65;-99;3.8;-99;20.62368;1.5;154
9.7;2.9;13.6;2.493;66.4;-99;1.9;-99;15.90624;0;155
11.1;6.3;15.6;2.352;71.1;-99;1.9;-99;14.22144;0.1;156
10.9;3.7;15.4;2.714;68.5;-99;2.2;-99;17.25408;0;157
10.2;1.1;15.6;2.146;75.2;-99;1.9;-99;13.87584;0.9;158
14.2;10.2;18.6;1.953;87.7;-99;1.6;-99;12.28608;3.2;159
16.5;8.9;23;3.038;78.7;-99;2.3;-99;17.91072;0.2;160
14.7;8.2;20.1;3.652;62.2;-99;2.4;-99;20.42496;0;161
14.4;9.1;19.7;2.794;71;-99;2.3;-99;15.13728;1.1;162
14.5;6.8;20.2;3.395;72.7;-99;1;-99;22.48992;0;163
15.4;12.7;19;1.976;83.3;-99;1.9;-99;10.69632;0.7;164
14.2;8.7;17.6;3.45;75.6;-99;2.4;-99;23.2848;0;165
11.8;6;16.6;2.275;71.4;-99;1.4;-99;13.72896;0;166
16;9.2;21.7;3.479;64.9;-99;2.4;-99;18.06624;1.9;167
16.4;12.7;19.6;1.581;92.3;-99;2.3;-99;9.22752;0.8;168
15.9;9.7;21.3;3.365;73.3;-99;3;-99;19.23264;0;169
17.6;7.6;28.8;4.095;71.2;-99;3.5;-99;22.91328;6.7;170
15.8;9.8;21.3;3.024;74;-99;1.2;-99;18.24768;0;171
16.2;12.5;19.4;1.733;83.1;-99;1.6;-99;8.3808;0;172
15.9;10.2;21;4.267;69.1;-99;2.3;-99;27.19008;0.8;173
16.2;10.1;22.1;2.905;79.2;-99;1.9;-99;17.34912;0.9;174
15.6;9.4;21.5;3.611;69.3;-99;2.2;-99;21.47904;0;175
12.9;9.2;14.9;0.931;93.8;-99;1.7;-99;4.89024;22.5;176
13.3;11.4;16.2;1.78;88.7;-99;4.5;-99;12.00096;8.2;177
13.3;11.4;15.7;1.8;79.7;-99;4.2;-99;6.73056;0;178
13.5;11;16.3;2.067;79.3;-99;1.8;-99;11.74176;0;179
16.8;12.5;22.4;2.543;80;-99;.7;-99;14.88672;0;180
20.7;15.1;29;3.16;81.2;-99;1.9;-99;16.51968;9.1;181
21;16;25.9;4.498;70.3;-99;1.1;-99;25.056;0.1;182
19.1;11.8;23.5;3.748;77.2;-99;2.3;-99;21.17664;3.9;183
16;8.3;22.8;3.552;75.4;-99;1;-99;22.75776;0;184
17.1;14.4;21.4;1.905;85;-99;1.4;-99;9.94464;0.2;185
17.6;14.9;21;2.724;84.4;-99;1.8;-99;16.00992;0;186
18.4;15.2;24.2;2.563;87.5;-99;2.1;-99;14.9472;6.6;187
19.1;16.5;24.2;2.018;94.1;-99;1.5;-99;11.68128;1.5;188
17.7;12.4;21.3;1.578;93.9;-99;1;-99;8.69184;0.3;189
19.1;11.6;26.2;3.712;78.4;-99;1.4;-99;21.58272;3.6;190
17.2;13.8;22.5;2.81;80.9;-99;3.3;-99;15.44832;0.2;191
17.3;13.4;22.5;2.608;80.1;-99;1.9;-99;14.15232;1.7;192
16.4;11.1;20.7;2.303;83.4;-99;1.8;-99;13.01184;3.3;193
14.5;11;19.8;2.56;80.6;-99;2.8;-99;15.552;0.2;194
14;9.1;18.6;1.949;86.6;-99;2;-99;12.08736;2.7;195
15.3;11.9;19.7;1.628;90.8;-99;2.3;-99;9.65088;5;196
14.4;9.9;18.8;2.835;76.4;-99;2.2;-99;17.24544;0;197
14.7;10.5;19.6;2.894;74.8;-99;2.8;-99;16.48512;7.5;198
15.4;11.7;19.1;3.123;77.8;-99;2.7;-99;19.224;0;199
15.1;11.6;18.2;1.64;88.1;-99;2;-99;9.03744;17.9;200
15;12.7;19.1;1.623;91.4;-99;3.7;-99;10.27296;12;201
14.3;10.8;17.6;1.81;85.4;-99;2.8;-99;9.95328;1.7;202
13.8;10.2;16.6;2.3;80.5;-99;3.1;-99;13.25376;0;203
15;9.8;20.1;3.615;74.8;-99;2;-99;23.63904;0;204
17.9;10.9;24.4;4.559;63.8;-99;2.2;-99;25.67808;0;205
20.8;11;27.8;4.868;58.5;-99;1.3;-99;26.06688;0;206
22.9;14.8;31.6;4.713;63.1;-99;.9;-99;24.624;0;207
21.1;14.7;26.7;4.584;72;-99;1.6;-99;24.97824;0;208
21.7;12.2;29;4.859;62.8;-99;1.5;-99;25.12512;2.4;209
20.6;16.1;28.3;3.18;81.1;-99;2.7;-99;16.07904;0;210
16.3;14.3;19.5;1.48;89.6;-99;1.2;-99;7.69824;0.6;211
15.5;9.9;21;2.85;78.2;-99;1.9;-99;16.98624;1;212
14.7;8.4;20.8;3.018;71.3;-99;2.2;-99;17.07264;0;213
17.7;10.6;23.8;3.03;70.7;-99;1.5;-99;15.65568;0;214
20.6;15.2;26.9;2.987;74.9;-99;2.3;-99;12.93408;0.1;215
19.6;14.5;26.2;4.128;70;-99;1.3;-99;22.93056;0.1;216
17.8;12.1;24.4;3.006;78.5;-99;.9;-99;17.28864;0.3;217
16.6;10.6;21.2;1.354;93.3;-99;.7;-99;7.128;2.1;218
17.3;11.9;22.9;2.039;84.8;-99;2.1;-99;10.35936;2.1;219
16.3;12.7;20.3;2.519;81.4;-99;3.3;-99;13.46976;1.7;220
16;12.2;20.4;2.881;78.7;-99;2.8;-99;16.3728;0.7;221
15.8;11.7;20.5;3.099;74.5;-99;2.7;-99;17.1504;0;222
15.3;11.8;17.7;1.91;77.6;-99;2.3;-99;7.8624;0;223
15.4;8.2;21.4;3.225;72.7;-99;1.6;-99;19.25856;0;224
14.6;5.6;22.6;3.126;69.9;-99;1.4;-99;18.80064;0;225
15.8;8.1;22;3.4;69.2;-99;2.1;-99;18.95616;0;226
16.7;9.3;23.2;3.802;69.2;-99;1.5;-99;22.41216;0;227
16.5;6.3;23.9;3.4;72.3;-99;1.4;-99;19.88928;0;228
16.8;12.7;22.6;1.91;90.3;-99;1.1;-99;10.85184;1.8;229
17.9;12.5;25.3;2.96;76.5;-99;.5;-99;16.98624;0;230
21.6;13.5;28.9;4.282;61.7;-99;2;-99;19.01664;0;231
25;16.6;34.4;4.736;58.8;-99;1.6;-99;20.11392;0;232
23.4;18.4;31.1;2.987;74.7;-99;2;-99;11.6208;0.2;233
18.2;13.4;22;2.501;79.4;-99;1.6;-99;12.55392;5.5;234
18.1;12.7;22.9;3.605;73.4;-99;2.7;-99;18.90432;0;235
17;11.5;23.1;3.029;72.3;-99;2.5;-99;14.69664;0;236
14;7.8;18.8;1.036;92.2;-99;.5;-99;5.15808;1.9;237
16.7;12.4;23.4;2.14;85;-99;1.6;-99;11.64672;0.3;238
16.5;12.1;21.8;2.616;80.9;-99;3.5;-99;13.72896;2.6;239
14.6;8.5;19.1;3.285;66.5;-99;2.9;-99;16.74432;0;240
15.7;8.9;21.8;1.899;76.7;-99;1.4;-99;8.65728;0.1;241
17.5;8.4;24.3;2.88;75.5;-99;1;-99;15.83712;0.2;242
17.7;15.1;20.9;1.515;86.5;-99;1.5;-99;6.67008;1.8;243
15.8;12.7;18.5;1.252;89.9;-99;1.4;-99;5.90112;0;244
13.4;8.6;18;1.766;81.3;-99;1.5;-99;9.36576;0;245
14.5;6.4;21.9;2.95;71.3;-99;1.7;-99;16.88256;0;246
14.3;9.1;20;1.496;87.2;-99;.9;-99;8.05248;0.5;247
16.7;8.1;23.7;3.037;73.8;-99;1.7;-99;16.39008;0;248
16.2;11.8;20;2.871;68.9;-99;3;-99;11.63808;0;249
14.5;12.1;18.1;3.407;59.6;-99;3.8;-99;12.81312;0;250
14.9;12.7;17.1;1.399;84.5;-99;3;-99;4.82976;1.5;251
16.2;11.3;20.4;2.32;81.9;-99;2.2;-99;12.24288;0;252
16.6;8.1;23;2.612;82;-99;1.6;-99;14.73984;0;253
20.7;13.4;29.1;3.635;67.7;-99;2.3;-99;15.3792;0;254
17;12.4;22.7;1.515;86.3;-99;2.1;-99;6.37632;4.3;255
12.3;7.1;17.6;2.076;79;-99;1.7;-99;12.10464;0;256
10.4;4.8;17.1;1.893;81.3;-99;1.2;-99;12.28608;0;257
12.5;7.4;16;1.412;84.9;-99;4.8;-99;5.1408;2.9;258
14.1;10.8;16.4;1.613;84.4;-99;2.9;-99;7.33536;0.2;259
15;10.2;20.8;2.56;78.8;-99;2.5;-99;14.01408;0;260
15;10;21.5;2.047;79.8;-99;1.7;-99;10.368;0;261
14.6;9.9;20.6;1.85;82;-99;2.4;-99;8.80416;1.6;262
10.5;5.7;15.9;2.167;75.3;-99;2.6;-99;12.55392;0;263
9.5;3.6;16.3;1.822;77.5;-99;2.1;-99;10.69632;0;264
11.3;5.8;17.1;1.975;68.8;-99;2.4;-99;7.78464;0;265
10.2;6.2;14.9;1.191;80.8;-99;2.5;-99;3.92256;13.2;266
9;4.1;14.9;1.798;80.4;-99;1.9;-99;11.69856;0;267
9.8;6.5;11.7;0.954;85.7;-99;3.1;-99;2.70432;9.6;268
13.4;9.4;18.9;1.535;85.8;-99;1.9;-99;7.91424;1.9;269
14;9.8;20.6;1.274;91.6;-99;1.4;-99;6.81696;3.4;270
13;11.7;16.4;1.061;92.7;-99;2.8;-99;5.58144;6.9;271
12;9.7;14.8;0.955;90;-99;2.8;-99;3.8016;0.3;272
11.4;8.5;16.4;1.227;88.8;-99;2.9;-99;6.44544;0.9;273
11;7.4;16.2;1.618;83.5;-99;2.3;-99;9.10656;0;274
10.8;5.7;17.7;1.939;80.3;-99;1.7;-99;11.89728;0;275
12.6;7.5;17.8;1.512;86.8;-99;1.8;-99;8.32032;0.9;276
14.2;11.5;18;1.783;82.3;-99;3.2;-99;7.776;3.4;277
10.8;8.2;12.5;0.523;96.3;-99;2.1;-99;1.90944;10.1;278
10.3;7.7;15.7;0.669;92.7;-99;4.2;-99;1.9872;7;279
9.7;6;11.7;0.792;92.1;-99;3;-99;3.5856;4.1;280
9.8;6.6;12.7;1.432;84.9;-99;3.2;-99;7.9488;2.8;281
10.3;5.9;13.3;1.626;80.9;-99;2.8;-99;8.39808;0.3;282
9.2;6.3;12.1;1.919;73.6;-99;4.4;-99;7.87968;4.7;283
6.9;2.3;10.1;0.635;93.5;-99;1.6;-99;3.13632;12.6;284
6.7;1.6;12.7;0.869;91.3;-99;.6;-99;5.20992;3.2;285
7;2.8;11.1;1.114;91.2;-99;2.5;-99;8.22528;6.6;286
10;7.1;13.4;1.434;87;-99;3.3;-99;8.70912;1.3;287
8;6.1;10.8;0.779;92.8;-99;2.2;-99;4.25952;6.6;288
7.8;5;10.1;0.444;97.1;-99;1.7;-99;1.71072;3.7;289
8.8;5;13.6;1.317;86;-99;3.6;-99;7.56864;0;290
10.3;5.6;14.2;1.474;83.1;-99;3.3;-99;7.20576;0;291
14.4;10.6;20.4;1.97;78.5;-99;2.7;-99;8.36352;0;292
14;9.6;20.3;1.467;85.8;-99;1.2;-99;7.344;0;293
14.5;8.5;20.8;1.348;89.4;-99;1;-99;6.85152;0;294
13.2;12.1;16.2;0.771;96.2;-99;.9;-99;3.4992;0;295
12;11;13.5;0.75;91.5;-99;1.6;-99;2.66112;0.1;296
11.6;11;13.1;0.533;95.8;-99;1.2;-99;1.71936;0;297
10.7;8.4;12.3;0.508;95.9;-99;.8;-99;1.61568;0;298
8.3;5.3;9.6;0.957;83.8;-99;3.8;-99;1.9008;4.1;299
2.6;-2.8;7.3;1.208;67.2;-99;1.9;-99;5.5728;0;300
1.8;-3.2;6.9;0.712;85.6;-99;1.1;-99;4.2768;0;301
2;-2.2;9;0.891;83;-99;.5;-99;6.35904;0;302
2.6;-1.4;6.2;1.23;75.3;-99;4.8;-99;5.08032;0.7;303
4;0.2;9.2;0.648;91.1;-99;2;-99;3.52512;0.4;304
3.7;0;7.5;0.55;95.9;-99;2.2;-99;3.73248;0;305
5.2;2.6;8;0.466;93.7;-99;3.4;-99;1.44288;1.4;306
6.9;4.3;9.6;1.172;80.7;-99;4.3;-99;3.64608;6.1;307
6;4.5;8.2;0.593;93.7;-99;2.8;-99;2.96352;1;308
6.4;3.6;9.6;0.834;91.2;-99;3.1;-99;5.00256;5.7;309
6.9;5;8.5;0.518;94.5;-99;1.5;-99;2.03904;2.5;310
6.5;4.9;9;0.874;87.4;-99;2.3;-99;4.21632;1.5;311
8.9;5.9;10.6;0.652;84.9;-99;1.2;-99;1.37376;0.3;312
8.7;7.8;10;0.393;93.9;-99;0;-99;.82944;1.5;313
8.9;7.5;10.3;0.5;95.9;-99;1.3;-99;1.77984;0;314
7.4;5.2;8.7;0.501;91.2;-99;.6;-99;1.52064;2.1;315
8.3;4.1;11.5;0.706;93.3;-99;1.2;-99;3.43008;0;316
6.1;3.9;8.5;0.46;94.7;-99;2.5;-99;1.58112;0.1;317
5.5;1.9;9.2;0.724;89.8;-99;2.2;-99;3.52512;0;318
5.9;1.7;9.1;0.556;86.2;-99;.8;-99;1.65024;0;319
3.3;-1.4;6.6;0.438;95.9;-99;.9;-99;2.00448;0;320
2.1;-0.9;4.7;0.379;95.4;-99;2;-99;1.60704;0;321
1.5;0.5;3;0.408;93.6;-99;0;-99;1.73664;0;322
4.1;1;7.9;0.284;98.5;-99;.5;-99;.3888;3;323
2.9;-2;7.1;0.522;98;-99;.9;-99;3.29184;0;324
6.6;4.8;8.9;0.445;97.9;-99;.5;-99;1.6416;0;325
6.5;5.7;7.3;0.348;97.1;-99;0;-99;.63072;0;326
6.5;2.3;9.8;0.531;93;-99;1.1;-99;2.00448;0.3;327
4.4;1.6;7;0.509;94.5;-99;1.8;-99;2.49696;1.8;328
4.4;2.8;6.1;0.343;98.5;-99;0;-99;.7776;0.2;329
6.4;3.8;9.5;0.468;89.2;-99;1.6;-99;.41472;0.3;330
6.8;4.8;9.1;0.688;87;-99;1.1;-99;2.62656;7.5;331
7.2;3.9;8.9;0.458;97.2;-99;.6;-99;1.65888;0;332
4.7;2.3;6.7;0.355;98.3;-99;.6;-99;1.06272;0.5;333
3.6;2.7;5.3;0.356;94.2;-99;.6;-99;.864;3.4;334
2.2;0.8;3.1;0.399;88.5;-99;.8;-99;.89856;1.2;335
1.1;-1.1;2.8;0.309;97.3;-99;0;-99;.7776;2;336
1;0;2.8;0.279;96.8;-99;0;-99;.4752;0.5;337
-0.9;-4.1;0.7;0.434;93.5;-99;0;-99;2.09088;2.5;338
1.3;-0.1;3.5;0.283;98.8;-99;.2;-99;.57024;16.8;339
-3.3;-9.7;0.2;0.331;92.9;-99;.9;-99;1.4256;3.7;340
-4;-9.7;-0.6;0.277;94.9;-99;.8;-99;1.01088;0.2;341
-8.6;-16.2;-4.2;0.282;98;-99;.2;-99;2.12544;0;342
-9.2;-17.1;-1.7;0.218;97.8;-99;0;-99;1.08;0;343
-1.3;-5.7;2;0.247;99.5;-99;.6;-99;.4752;7.7;344
0.1;-2.2;1.9;0.296;96.3;-99;0;-99;.74304;0.6;345
-1.2;-2.3;0.2;0.362;79.6;-99;0;-99;1.31328;0;346
-5;-16.2;-1;0.286;82.4;-99;0;-99;1.14048;0;347
-6.3;-15.6;-3.6;0.249;97.1;-99;.3;-99;1.08864;0;348
-5.1;-7.5;-1.6;0.281;92.9;-99;0;-99;1.13184;5.7;349
2.1;-1.7;3.6;0.366;97.1;-99;.9;-99;1.52064;0.5;350
3.1;2.4;3.6;0.329;99;-99;.8;-99;1.14048;0.1;351
2.3;1.1;3.5;0.288;99;-99;1;-99;.85536;0.4;352
1.9;1;2.5;0.288;99;-99;0;-99;.48384;1.3;353
2;1.3;2.7;0.314;98.3;-99;0;-99;.7344;0.8;354
0.8;0;1.3;0.311;87.5;-99;0;-99;.7776;0;355
-2.6;-5.1;0;0.273;86.3;-99;0;-99;.57888;0;356
-5.2;-6.2;-3.3;0.252;90.5;-99;0;-99;.76032;1.8;357
-1.8;-3.6;3.2;0.262;95.6;-99;.8;-99;.45792;5.8;358
4.8;2.8;7.8;0.289;100;-99;1.3;-99;.864;2.4;359
5.8;4.4;8.8;0.313;96;-99;2.1;-99;.25056;9.5;360
6;4.1;7.3;0.579;90.5;-99;4.7;-99;.79488;4.4;361
4.6;0.4;7.2;0.545;89.5;-99;3.7;-99;.70848;1.3;362
-0.6;-3.8;0.8;0.619;79.7;-99;1.7;-99;2.06496;1.4;363
4.8;0.8;7.3;0.336;96.1;-99;2.2;-99;.70848;0.4;364
6.2;3.4;8.4;0.761;84.3;-99;2.9;-99;1.36512;2.8;365
7.3;4.8;8.9;0.68;86.3;-99;3.3;-99;.35424;2;366
