tavg;tmin;tmax;ET0;relhumid;vapp14;wind;sundu;globrad;precip;jday
C_deg;C_deg;C_deg;mm;%;mm_Hg;m/s;hours;J cm-2 d-1;mm;
63;2;-----;-----;-----;-----;-----;-----;------;-- -;-
1.9;-0.9;3.3;0.566;88.2;-99;3;-99;1.89216;0;1
-1;-3.6;0.9;0.411;96.9;-99;.7;-99;2.23776;0;2
-2.7;-5.4;-0.2;0.35;99.9;-99;0;-99;1.54656;0;3
0.3;-0.4;0.9;0.331;94.4;-99;0;-99;1.08864;0;4
-3.7;-5.9;-0.3;0.411;82.6;-99;0;-99;2.4192;0;5
-0.2;-5.7;2.3;0.311;92.5;-99;.2;-99;.63936;7.3;6
1.7;1;2.6;0.352;98.3;-99;.7;-99;1.47744;2.4;7
4.6;1.4;7.5;0.441;95.9;-99;2.2;-99;2.0304;2.8;8
3.6;1.3;6.3;0.39;94.2;-99;1.9;-99;1.10592;1.9;9
1.1;-1;2.7;0.351;93.2;-99;2.1;-99;.82944;0;10
0;-2.2;1.8;0.274;97.4;-99;1.2;-99;.84672;0.6;11
2.4;1.5;3.7;0.435;92.2;-99;2.9;-99;1.26144;0.3;12
2.4;1.1;4.4;0.277;99.2;-99;1;-99;.74304;5.4;13
7.5;4.4;9.4;0.284;99.5;-99;1;-99;.37152;12.8;14
7.1;5.8;9.1;0.481;93.6;-99;2.9;-99;1.1664;5;15
8;7.3;9.4;0.69;88.5;-99;4;-99;.78624;0;16
7.4;6.5;8.6;0.555;90.2;-99;2.6;-99;.83808;0.8;17
4.9;3;7.6;0.498;89.8;-99;2.4;-99;.76032;0.2;18
2.3;0.9;4.1;0.372;94.6;-99;2.3;-99;1.2528;0.3;19
-0.2;-1.4;1.2;0.392;90;-99;2.1;-99;.70848;0;20
-0.7;-1.6;0;0.342;96.3;-99;0;-99;1.10592;0;21
-0.2;-1;1;0.27;98.5;-99;1.3;-99;.76896;0;22
0.2;-1.1;0.9;0.216;100;-99;2.2;-99;.92448;0.1;23
1.7;0.2;4.1;0.237;99.2;-99;2;-99;.70848;4.7;24
2.8;0.9;4.1;0.307;96.5;-99;3.1;-99;.89856;0.8;25
-0.4;-1.8;1.5;0.392;91;-99;2.2;-99;1.00224;0;26
-2.1;-4.4;0.5;0.616;83.3;-99;.8;-99;3.9744;0;27
-3.8;-7.6;1.5;0.536;86.6;-99;.1;-99;3.99168;0;28
-3.6;-7.9;1.3;0.508;93.1;-99;.4;-99;3.82752;0;29
-0.6;-3;2.5;0.511;94.7;-99;.2;-99;2.9376;0;30
-2;-3.1;-1;0.347;89.2;-99;0;-99;1.34784;0;31
-2;-2.7;-1.3;0.341;91.5;-99;0;-99;1.28736;0.5;32
1.4;-1.3;2.5;0.304;99.2;-99;.3;-99;.864;0.7;33
3.1;1.3;6.2;0.571;90.4;-99;1.6;-99;2.71296;2.3;34
5.7;2;10.2;0.501;92.8;-99;6.5;-99;.78624;5.7;35
8.6;5.7;10.3;0.739;89.4;-99;6.2;-99;.648;7.2;36
6;3.8;9.1;0.36;97;-99;2.6;-99;1.14912;9.7;37
7.8;6.5;9.9;1.001;84.3;-99;5.5;-99;1.71936;0.5;38
5.4;3.5;6.9;1.523;71.7;-99;5.1;-99;4.104;0;39
2.8;0.5;4.8;0.631;88.2;-99;2.2;-99;2.87712;0;40
3.5;-0.1;7.3;0.631;89.6;-99;3.3;-99;2.73024;2;41
3.5;-0.5;6.4;0.922;81.6;-99;4.6;-99;2.61792;1;42
-1.4;-4.8;1.6;1.051;64.9;-99;1.4;-99;6.48;0;43
-0.6;-1.6;0.4;0.901;69.3;-99;2.3;-99;2.9376;0;44
-1.5;-2.9;-0.5;0.492;54;-99;0;-99;2.73888;0;45
-2.5;-4.5;-0.8;0.418;51.2;-99;0;-99;2.1168;0;46
-1.9;-2.7;-0.9;0.366;63.2;-99;0;-99;1.4256;0.1;47
-1.8;-3.8;-0.5;0.457;77.2;-99;0;-99;2.51424;0;48
-1.5;-2.3;-0.6;0.33;86.7;-99;0;-99;1.07136;0;49
-1.9;-3;-1;0.42;72.8;-99;0;-99;2.09952;0;50
-3.1;-4.1;-0.9;0.735;64.9;-99;1;-99;3.90528;0;51
-4.5;-6.7;-2.9;0.845;67.2;-99;1;-99;6.83424;0;52
-7.2;-9.4;-4.2;0.574;78;-99;.8;-99;5.51232;0;53
-6.8;-10.6;-3.2;0.798;63.4;-99;.9;-99;7.65504;0;54
-3.9;-7.8;1;1.128;49.1;-99;1.6;-99;6.84288;0;55
-2.6;-7.7;2.3;1.303;52.2;-99;2.5;-99;6.58368;0;56
-0.4;-4.8;6.2;1.508;57.5;-99;2.7;-99;8.26848;0;57
-1.4;-4.3;2.5;0.851;82.5;-99;1.5;-99;6.59232;0;58
0;-2.1;3.6;0.604;88.4;-99;.9;-99;4.02624;0;59
-0.7;-5.8;5.6;0.912;86.7;-99;1.7;-99;7.8192;0;60
-1.4;-2.4;0.4;0.382;95.6;-99;.7;-99;1.90944;0;61
-1.9;-3.8;5;0.714;94.1;-99;.5;-99;6.01344;0;62
-1.5;-4;1.5;0.805;94.6;-99;1;-99;7.57728;0.1;63
2.2;-0.1;5.5;1.052;84.2;-99;3;-99;8.10432;0.2;64
0;-5.7;3.9;1.224;77.1;-99;2.3;-99;10.55808;0;65
-1.4;-8;4.6;1.278;69.9;-99;1.4;-99;10.73088;0;66
1.9;-4.2;8.4;2.046;45;-99;2.4;-99;11.0592;0;67
3.5;-1.3;9.4;1.158;77.7;-99;3.2;-99;5.85792;0.3;68
5;1.2;7.9;0.873;88.6;-99;4.2;-99;5.13216;1.1;69
4.7;0;7.9;1.399;76.3;-99;3.5;-99;7.61184;0;70
5;-1.3;11.3;1.352;79.4;-99;1.8;-99;9.12384;0;71
7.2;1.1;14.4;1.178;81.9;-99;.8;-99;7.13664;0.5;72
6.6;3.7;9.8;0.583;99.2;-99;.7;-99;3.24864;2.6;73
2.1;-0.1;5.1;0.809;90.3;-99;3.4;-99;6.86016;0;74
1.9;-0.3;4.4;0.964;88.1;-99;3.4;-99;8.69184;5.6;75
2.1;1.7;3.6;0.4;94.2;-99;2.9;-99;1.63296;4.4;76
2.4;1;4.5;0.348;97.4;-99;3.2;-99;2.09952;0;77
3.2;0.1;7.5;0.976;90.5;-99;3.4;-99;8.99424;0;78
3.4;-0.4;8.5;1.07;90.7;-99;1.8;-99;9.36576;0;79
6.1;-1.1;11.8;1.585;72.7;-99;2;-99;9.32256;0;80
9.2;3.7;14.2;2.071;78;-99;3.4;-99;13.28832;0;81
6.3;2.1;10.1;1.888;76.4;-99;3.5;-99;13.37472;0;82
8.9;5.3;13.6;2.312;74.8;-99;4.9;-99;14.52384;0;83
7.1;3.9;9.2;1.385;81.3;-99;4.7;-99;6.98976;0;84
2.5;-2.6;7.1;1.447;70.2;-99;2;-99;9.96192;0;85
1.8;-4.8;9.3;1.517;76.5;-99;1.4;-99;13.5216;0;86
3.3;-1.1;7.6;1.477;74.8;-99;2.7;-99;10.41984;0;87
3.9;-1.4;10.1;1.497;80.4;-99;1.8;-99;12.24288;0;88
5.6;-1.7;13.2;1.155;80.3;-99;1.2;-99;7.15392;0.1;89
9.4;4.2;14.8;1.285;87.8;-99;3.5;-99;7.83648;3.4;90
11.7;8.1;16.1;2.551;75.1;-99;3.7;-99;14.87808;1.6;91
14.5;10.6;20.1;2.254;81.4;-99;1.9;-99;12.7872;0;92
11.9;6.7;17.7;1.389;90.6;-99;2.2;-99;8.63136;5.3;93
8.9;5.3;14.6;1.674;85.3;-99;1.8;-99;11.82816;0;94
8.2;2.5;13.3;1.386;83.9;-99;3.8;-99;8.04384;1.5;95
11.6;9.2;13.9;0.677;93.6;-99;3.6;-99;2.3328;0;96
10.9;6.3;14.5;2.166;78.4;-99;6.4;-99;11.41344;0.7;97
8.5;5.8;13.7;2.018;78.2;-99;8.1;-99;12.01824;0;98
7.6;2.3;12.1;2.591;71.7;-99;4.4;-99;19.38816;0;99
9.4;1.8;16.5;2.974;61.4;-99;2.4;-99;18.8784;0;100
10.1;3.2;17.6;2.264;71.6;-99;1.4;-99;14.45472;0;101
7.2;3.9;9.8;1.551;82;-99;6.7;-99;9.60768;15.8;102
5.6;4.3;6.4;0.345;98.2;-99;5.9;-99;2.53152;5.7;103
6.4;1.8;10.6;1.239;91.6;-99;1.7;-99;10.03968;0;104
6.7;-1.5;13.8;2.52;73.2;-99;1.1;-99;20.7792;0;105
9.1;0.2;16.3;2.431;68.8;-99;1.3;-99;16.7184;0;106
9.6;4.1;13.4;2.485;80.7;-99;2.2;-99;19.20672;0;107
9.6;2;15.5;2.829;75.1;-99;1.3;-99;21.41856;0;108
13;5.8;19.9;3.187;64.1;-99;1.9;-99;18.68832;0;109
14.5;7.4;21.8;3.549;53.5;-99;1.3;-99;20.07072;0;110
14.1;4;21.7;3.644;53.2;-99;1.3;-99;21.31488;0;111
14.6;6.2;21.6;3.996;54;-99;2.4;-99;20.80512;0;112
13.9;9.4;19;4.151;56;-99;3.5;-99;21.43584;0;113
13.7;8.2;19.6;3.645;63.6;-99;2.4;-99;21.53088;0;114
12.7;4.9;19.1;3.512;63.7;-99;2.5;-99;21.34944;0;115
13.6;5.7;21.7;3.499;63.7;-99;2.1;-99;20.76192;0;116
13.3;6.8;20.8;3.156;63.9;-99;2.3;-99;17.30592;0;117
11.9;8.2;17.2;3.023;70.5;-99;4.3;-99;17.7984;0;118
11.4;7.5;16.2;3.839;55.9;-99;4;-99;21.2976;0;119
9.7;4.6;14.9;3.658;55.5;-99;3.2;-99;23.69088;0;120
7.8;3.1;12.6;2.797;71.2;-99;3.3;-99;22.4208;0;121
5.5;0;10.9;2.475;66;-99;3.3;-99;19.18944;0;122
6;-0.9;11.1;2.318;64.2;-99;1.8;-99;17.2368;0.3;123
6.7;0.5;10.8;2.59;70;-99;2.9;-99;20.89152;0;124
8.6;1;14.2;3.3;62;-99;2.1;-99;25.03872;0;125
12.2;-0.2;21;3.756;51.1;-99;1.5;-99;23.83776;0;126
14;8;21.4;4.566;49;-99;3.1;-99;24.17472;0;127
12.9;6.4;19.4;3.963;62.2;-99;3.1;-99;24.84864;0;128
16.4;9.4;23.9;4.651;57;-99;2.9;-99;24.83136;0;129
18.1;9.5;26.2;4.401;56.5;-99;1.9;-99;22.81824;0;130
15.7;8.2;23.2;3.388;71.7;-99;1.7;-99;20.24352;0;131
13.1;6;19.6;2.599;74.6;-99;1.4;-99;16.2432;3.9;132
12.1;4.8;17.8;2.542;76.2;-99;2.7;-99;15.96672;0;133
11.1;4.6;21.2;2.124;80.9;-99;2;-99;14.22144;2.1;134
10.3;5.3;14;2.086;78.5;-99;2.8;-99;13.392;0;135
10.3;5.6;13.1;0.952;93.7;-99;3.6;-99;6.29856;7.6;136
13.1;10.8;16.4;1.861;85.5;-99;3.7;-99;11.15424;4.3;137
14.7;8.4;19.1;2.279;80.9;-99;2.1;-99;13.02048;0;138
13.7;8.6;19.5;2.425;83.7;-99;1.6;-99;15.93216;0;139
13;6.8;19.4;2.012;82.7;-99;.7;-99;12.73536;0.1;140
14.6;4.7;22;3.513;66.5;-99;.9;-99;22.75776;0;141
16.9;11.5;26.5;3.511;72.1;-99;3.2;-99;18.65376;10.9;142
14.5;8.5;20.1;3.963;67.5;-99;2.5;-99;25.28064;0;143
12.7;6.1;16.2;3.024;67.6;-99;3.6;-99;16.09632;0.4;144
11;4.7;17.1;3.32;68.6;-99;2.8;-99;23.49216;0;145
15.2;6.1;24.1;4.082;63.5;-99;3.7;-99;22.27392;2.5;146
13;9.4;17.4;2.6;75.6;-99;4;-99;14.472;0.7;147
12.5;6.2;17.6;2.89;70;-99;2.9;-99;16.91712;2.8;148
14;10.8;17.2;1.8;83.5;-99;3.1;-99;9.13248;1.3;149
20;13.6;27.5;4.673;65.2;-99;1.8;-99;25.37568;0;150
17.8;12.4;25.1;3.839;77.3;-99;3.5;-99;22.90464;6.8;151
12.8;7.2;16.4;3.783;70.9;-99;3.8;-99;26.76672;0;152
13.7;4;19.4;3.988;71.2;-99;1.7;-99;28.13184;0;153
17.2;9.8;23.2;4.462;74.4;-99;1.8;-99;28.70208;0;154
17.8;7.8;25.7;4.688;65.5;-99;1.3;-99;28.82304;0;155
21;11.8;29.2;5.198;64.1;-99;2.4;-99;27.0864;0;156
22.4;17;29.6;4.721;69.6;-99;2.5;-99;23.09472;0.3;157
17.8;12.9;21.8;1.58;94.7;-99;.9;-99;8.74368;9;158
18.2;12.6;24.4;2.438;88.9;-99;2.4;-99;14.5152;1.9;159
15.6;12.5;19.5;3.928;69.2;-99;3.7;-99;22.95648;0;160
14.3;7.1;18.6;3.763;72;-99;2;-99;25.34976;0;161
14.1;5.2;22.9;3.204;74.8;-99;1.5;-99;21.15072;0;162
13.4;5.3;19.9;3.075;72.8;-99;1.1;-99;20.57184;0;163
17.6;7.5;24.6;4.2;62.1;-99;1.6;-99;23.95008;0;164
16.4;8.6;21.1;3.243;75.9;-99;2.3;-99;19.03392;0;165
15.1;6.9;21.1;3.666;69;-99;1;-99;23.89824;3.2;166
17.2;10.8;24.3;2.459;84.7;-99;1.4;-99;14.26464;2.7;167
15.4;13.2;18.8;2.476;79.2;-99;2.9;-99;13.3488;1.3;168
15.5;10.8;22.7;2.528;81.7;-99;2;-99;15.12864;0.9;169
12.7;9.1;18.2;1.78;89.1;-99;3.4;-99;12.43296;14.8;170
14.2;8.4;19;2.879;79.6;-99;2.9;-99;18.78336;0.3;171
15;7.6;20.3;2.621;79.8;-99;1.4;-99;16.16544;5.4;172
17.2;12.7;23.3;2.874;80.7;-99;2.1;-99;16.56288;29.2;173
15;11.9;20.4;2.726;82.4;-99;3.4;-99;17.48736;2.3;174
13.3;8.3;17;2.902;75.9;-99;2.8;-99;18.62784;0;175
13.8;7.7;19;3.075;73.1;-99;2.3;-99;19.24992;0;176
14.8;10.3;20.5;1.953;87.8;-99;1.1;-99;11.95776;0;177
18.3;8.4;25.2;4.582;70.3;-99;1;-99;28.33056;0;178
18.9;13.2;24.9;5.157;62.7;-99;2.5;-99;29.04768;0;179
20.5;12.7;28.4;5.19;64.7;-99;1.9;-99;28.73664;0;180
14.8;11.3;17.8;0.92;91.7;-99;3.3;-99;3.26592;4.8;181
14.2;7.7;18.7;3.566;71.2;-99;3.9;-99;21.98016;4.3;182
14.5;12.6;18;0.749;95.1;-99;4.4;-99;3.21408;17.7;183
18.5;17.7;19.9;0.803;97.5;-99;2.8;-99;3.86208;7.8;184
17.6;16.8;18.6;0.648;97.5;-99;2.6;-99;2.65248;15.5;185
18.5;14.2;23.4;3.502;81.6;-99;1.3;-99;20.98656;0;186
18.9;12.7;24.3;4.716;71;-99;2;-99;28.00224;0.4;187
19.4;12.9;25.7;4.39;73.7;-99;1.6;-99;25.65216;0.4;188
18.2;13.8;23.8;2.256;87.1;-99;1.7;-99;12.51072;10.7;189
19.4;11.7;26.3;4.27;72.5;-99;1.9;-99;24.20928;5.6;190
18.2;13.7;23.3;3.22;75.9;-99;1;-99;18.48096;9.6;191
17.7;12.6;23.3;3.37;80;-99;1;-99;20.40768;0;192
17.9;10.8;23.2;4.187;72.3;-99;1.2;-99;25.59168;0.2;193
18.2;15.9;21.8;1.756;88;-99;3.2;-99;8.19936;34;194
16.8;13.6;19;1.989;83.3;-99;3.7;-99;8.64864;0.9;195
15.2;12.5;18.3;1.558;85.9;-99;4;-99;6.42816;8.2;196
17.2;9.2;23.8;4.294;66.9;-99;2;-99;25.39296;0;197
18.1;15.7;23.2;2.381;77.9;-99;2.6;-99;10.21248;3.8;198
17;12.7;22.3;3.554;77;-99;2.7;-99;21.2976;0.8;199
17.3;11;23.2;3.889;70.7;-99;1.4;-99;23.30208;0;200
17.7;11.8;21.8;3.687;70.9;-99;3.1;-99;19.02528;0;201
16.4;15;18.3;1.293;91.5;-99;4.1;-99;6.16896;24.3;202
14.9;14.2;15.6;0.472;97.9;-99;5.9;-99;1.96128;104.9;203
13.6;11.7;15.2;0.906;93.7;-99;4.3;-99;4.42368;6.7;204
12.7;10.9;14.2;1.316;88.2;-99;6;-99;5.8752;1.8;205
14.2;12.2;16.6;1.146;95.1;-99;2;-99;6.86016;0.2;206
16.4;12;20.7;2.362;82.2;-99;.8;-99;13.72032;0;207
16.9;10.5;22.2;3.711;77.2;-99;1.5;-99;23.12064;0;208
17.2;14;21.3;2.394;88.4;-99;3.1;-99;14.71392;31.4;209
15.3;13.8;17;0.69;96.1;-99;4.2;-99;2.92896;39;210
18.4;16.1;21.8;2.125;93.7;-99;3.6;-99;14.00544;11.1;211
19;15.7;23.3;2.44;86.2;-99;1.4;-99;13.27104;0;212
17.6;14.2;21.1;1.661;93.6;-99;1.7;-99;9.47808;0;213
19.2;12.2;24.9;4.408;67.7;-99;1.5;-99;24.83136;0;214
19.2;14.8;24.7;3.527;75.9;-99;2.3;-99;18.64512;0;215
20;15.9;25.1;3.247;77.6;-99;2;-99;16.51968;0.7;216
18.9;15;23.3;2.13;90.5;-99;1.5;-99;11.78496;1.2;217
19.2;14;25.8;2.674;86.4;-99;1.4;-99;14.87808;24.3;218
17.9;13.7;21.8;2.379;84.2;-99;2.3;-99;12.58848;0.9;219
14.9;11.8;21;2.211;85;-99;2.4;-99;13.29696;5.4;220
14.9;12.7;17.5;2.215;84.9;-99;5.6;-99;12.89952;1;221
14;11.9;17.5;2.507;77.5;-99;3.9;-99;13.176;17.3;222
15.1;11.9;17.4;0.72;96.2;-99;3.4;-99;3.24864;7.3;223
16.7;16;18.6;1.033;96.9;-99;1.5;-99;5.42592;20.9;224
18;14.7;23.5;3.006;81.8;-99;.8;-99;17.43552;0;225
18;14.7;22.2;1.964;89;-99;2.5;-99;10.51488;7.5;226
17.3;13.8;21.5;2.757;78.7;-99;2.7;-99;14.10912;0.1;227
15.2;10.2;19.7;2.268;80.2;-99;1;-99;13.08096;0;228
17.8;11.6;24.2;3.237;72.3;-99;1.9;-99;16.8048;0;229
16.6;12.5;21.3;2.404;77.2;-99;1;-99;13.02048;3.2;230
16;12.7;19.6;1.67;87.3;-99;3.6;-99;7.93152;1.6;231
15.8;10.2;22.2;3.355;76;-99;1.9;-99;20.41632;0.3;232
19.4;12.6;25;3.583;68.5;-99;1.7;-99;17.73792;1.2;233
17.7;12.1;21.2;2.926;81.3;-99;2.4;-99;16.26048;0;234
16.8;10.8;21.7;2.147;80.6;-99;1.6;-99;10.73088;0.4;235
19.9;14.9;25.7;2.638;83.4;-99;1.4;-99;13.58208;7.6;236
19.6;17.3;22.9;1.843;89.7;-99;1.3;-99;9.19296;0.4;237
22.8;17.5;28.5;3.215;80.2;-99;2.8;-99;14.13504;2.1;238
17;13.6;21.5;0.953;94.2;-99;2.7;-99;4.07808;1;239
14.8;12.2;19;2.618;79;-99;3.7;-99;14.31648;0;240
13.1;10.5;16.3;1.788;85.5;-99;4.3;-99;9.95328;2.4;241
12.8;9.1;15.8;1.842;84.9;-99;4.1;-99;10.53216;0.8;242
12.2;8.8;14.8;0.768;97.3;-99;1.9;-99;4.32864;3.3;243
13.2;10.1;17.9;1.828;84.9;-99;1.4;-99;10.8;0;244
13.9;7.7;20.2;2.309;79.5;-99;1;-99;13.88448;0;245
18.4;11.1;26.7;2.76;77.4;-99;1;-99;14.61888;0;246
20.6;15.5;25.9;2.342;77.4;-99;1.5;-99;9.84096;5;247
17;10.9;20.8;1.209;91;-99;1;-99;5.5728;8.5;248
15.4;11.6;20.6;2.994;75.1;-99;4.7;-99;14.65344;6.3;249
13.6;11.2;16.8;1.469;89.7;-99;4.6;-99;8.32896;5;250
12.8;10.8;15.4;1.415;92.5;-99;3.3;-99;9.47808;8;251
13.8;8.9;18.7;2.112;85.4;-99;1.4;-99;12.97728;0.3;252
17.3;14.6;21.1;1.308;94;-99;1.5;-99;6.70464;0;253
20.1;16.4;25.8;2.772;84.1;-99;2;-99;14.16096;1.2;254
17.5;15;20.2;2.316;81.6;-99;4.4;-99;9.57312;0.1;255
16.1;11.3;19.3;2.984;69.2;-99;4.2;-99;10.63584;0;256
13.4;10.8;16.6;1.727;82.8;-99;4.5;-99;7.128;0.8;257
13.2;8.8;16.8;1.896;80;-99;3.4;-99;8.53632;0;258
11.5;6.7;15.9;1.987;80.3;-99;1.7;-99;12.0528;0;259
12.6;7.6;17.6;1.382;84.2;-99;1.3;-99;6.93792;0.1;260
14.2;11.6;17.7;0.801;94;-99;1.8;-99;3.30048;1.4;261
12.4;8.2;16.8;1.813;83.1;-99;2.2;-99;10.22976;0;262
13.7;7.1;19.1;2.116;81;-99;2.7;-99;11.37024;0;263
14.9;11.1;18.4;2.126;78.2;-99;3.1;-99;9.1152;0.4;264
13.6;8.1;17;1.833;79.9;-99;3.1;-99;7.79328;0.6;265
11.3;7.3;16.7;1.699;82.9;-99;1.6;-99;9.97056;0;266
12.6;6.3;19.2;1.952;81.4;-99;1.1;-99;11.55168;0;267
13.9;7.7;21.7;2.173;79.9;-99;.7;-99;12.80448;0;268
16;8.3;23.3;2.044;81.8;-99;1.1;-99;10.7136;4.1;269
13.5;6.2;17.1;2.06;84.8;-99;1.6;-99;12.40704;0;270
12.6;5;20.8;1.935;83.6;-99;.7;-99;11.80224;0;271
15.1;8.9;24.4;2.035;80.5;-99;.2;-99;11.664;0;272
15.2;7.8;24.9;2.157;80.8;-99;.6;-99;12.1824;0;273
16.7;7.4;27.8;2.17;78.2;-99;.3;-99;11.84544;0;274
15.2;7.6;24.2;2.019;84;-99;.6;-99;11.37024;0;275
15.5;9;21.1;1.291;86.9;-99;1.5;-99;5.52096;0.4;276
15.8;12.7;19.1;1.569;81.6;-99;2.7;-99;5.0976;0;277
14.7;12.1;17.5;1.471;83.2;-99;3.3;-99;4.68288;5.3;278
13.9;8.4;17.8;1.405;83.2;-99;5.4;-99;2.3328;8.9;279
9.2;5.8;12.7;1.277;86.6;-99;3.1;-99;7.24032;8.1;280
9.4;7.6;12.1;1.207;82;-99;4;-99;3.4128;5.8;281
9.4;4.1;13.9;1.618;80.1;-99;2.8;-99;8.64864;6.8;282
12.6;8.2;15.8;0.586;94.9;-99;4;-99;1.62432;6.9;283
11.5;9.1;13.5;0.943;88.2;-99;2.6;-99;3.24864;0;284
10.5;8.2;13.6;1.637;77.5;-99;3.1;-99;6.696;0;285
7.8;2.3;12.2;1.565;80;-99;1.9;-99;9.72;0;286
5.1;-1.1;12.1;1.201;80.9;-99;.6;-99;8.2512;0;287
4.8;-1.8;11.9;1.272;81.3;-99;.6;-99;9.1584;0;288
6.9;1.7;13.3;1.502;77.3;-99;1.9;-99;8.8992;0;289
7.1;1.7;12.7;1.237;85.9;-99;2;-99;7.93152;0;290
8.1;5.4;11.7;0.618;92.5;-99;4.3;-99;1.90944;3.9;291
8.2;6.3;12;1.11;86.9;-99;3;-99;5.89248;1.4;292
6.7;4;10.4;1.161;87.1;-99;2.8;-99;7.53408;0.6;293
6;2.8;11.6;0.995;90.7;-99;1.5;-99;6.80832;0;294
5.8;1.8;11.7;1.196;81.7;-99;1.7;-99;7.2144;0;295
5.3;1.5;11.3;1.132;84.6;-99;2.6;-99;7.15392;0;296
6;3;8.1;0.485;95;-99;3.7;-99;2.1168;0;297
8.4;6.8;10.2;1.138;82.5;-99;2.8;-99;4.46688;0;298
9.1;4.1;12.5;0.694;91.4;-99;2;-99;2.60928;0.1;299
7.1;0.9;11.1;0.441;99;-99;1.4;-99;2.08224;0;300
11.1;9.2;14.2;0.805;95.4;-99;1.6;-99;4.20768;0;301
11.2;9.8;12.6;0.474;97.2;-99;1.3;-99;1.49472;0;302
13;10.3;16.4;0.953;91.8;-99;2;-99;4.22496;0;303
12.1;7.2;14.2;0.545;95.4;-99;1;-99;1.70208;0;304
7.2;3.4;10.2;0.489;97.6;-99;1.2;-99;2.21184;0.2;305
8.4;7.6;10.1;0.414;95.5;-99;3;-99;.82944;0.1;306
10.5;8.6;12.7;0.961;86.9;-99;4.9;-99;1.728;7.1;307
10.1;8.7;13.7;0.381;97.6;-99;2.3;-99;.95904;37.8;308
12.1;9;14.3;1.186;86.2;-99;4.1;-99;3.76704;18.8;309
7.9;5.7;9.9;1.064;82.2;-99;3.2;-99;3.30048;0.7;310
2.6;-1.7;6.9;0.509;90.4;-99;.5;-99;2.4192;0.7;311
1.9;-2.3;4.8;0.439;96.4;-99;1.4;-99;2.5488;1.1;312
4.5;3.3;6.4;0.484;95.5;-99;1.5;-99;2.36736;0;313
5.3;3.5;6.7;0.348;97.8;-99;1.2;-99;1.04544;0.9;314
4.6;0.3;7.1;0.82;86.9;-99;4.9;-99;3.17088;3.9;315
8.6;5.9;10.3;0.348;85.04;-99;1.2;-99;1.04544;2.8;316
8.25;6.7;9.8;0.348;87.67;-99;1.2;-99;1.04544;0;317
11.95;5.6;14.7;0.348;93;-99;1.2;-99;1.04544;6.1;318
8.9;4.7;13;0.348;85.17;-99;1.2;-99;1.04544;0;319
5.4;3.2;6.9;0.348;93.29;-99;1.2;-99;1.04544;1.8;320
4.8;4.3;6.2;0.348;91.71;-99;1.2;-99;1.04544;2;321
6.3;4.4;6.7;0.348;96.13;-99;1.2;-99;1.04544;21.7;322
5.55;5.1;6.6;0.348;97.67;-99;1.2;-99;1.04544;4;323
5.35;3.1;6.4;0.348;98.29;-99;1.2;-99;1.04544;0;324
4.55;2.1;6.5;0.348;99.54;-99;1.2;-99;1.04544;0;325
4.7;3;6.2;0.348;93.38;-99;1.2;-99;1.04544;12.1;326
3.5;1.2;4.2;0.348;94.42;-99;1.2;-99;1.04544;8.7;327
0.75;0.1;1.4;0.348;91.71;-99;1.2;-99;1.04544;0.8;328
0.35;-0.7;1.4;0.348;96.79;-99;1.2;-99;1.04544;5.3;329
-1.4;-3.4;-0.7;0.348;99;-99;1.2;-99;1.04544;0;330
-2.8;-5.1;0.3;0.348;92.88;-99;1.2;-99;1.04544;0;331
-1.85;-3.6;-0.3;0.348;86.63;-99;1.2;-99;1.04544;0;332
-0.85;-2.4;0.6;0.348;85.29;-99;1.2;-99;1.04544;0.5;333
-2.95;-7.4;-0.9;0.348;85.25;-99;1.2;-99;1.04544;0;334
-7.25;-9.8;-3.6;0.348;68.38;-99;1.2;-99;1.04544;0.8;335
-6.1;-8.3;-3.2;0.348;86.92;-99;1.2;-99;1.04544;2.7;336
-5.5;-8.5;-3.5;0.348;94.79;-99;1.2;-99;1.04544;1.8;337
-4.8;-7.7;-3.1;0.348;89.83;-99;1.2;-99;1.04544;0.3;338
0.65;-4.2;1.7;0.348;95.67;-99;1.2;-99;1.04544;2.4;339
0.7;-3.4;1.6;0.348;95.38;-99;1.2;-99;1.04544;0;340
-3.35;-5.2;-2.3;0.348;99.29;-99;1.2;-99;1.04544;0;341
-2.95;-5.2;0;0.348;99.25;-99;1.2;-99;1.04544;0.5;342
-0.7;-2.8;0.7;0.512;87.8;-99;3.9;-99;1.45152;0.8;343
-0.8;-2.5;1.6;0.704;80.1;-99;3.8;-99;1.67616;11.8;344
4.5;1.5;6.3;0.63;89.2;-99;7.2;-99;.52704;5.6;345
-0.4;-3;4;0.489;86.1;-99;3.2;-99;.53568;0.1;346
-1.4;-3.4;0.2;0.579;81.4;-99;1.6;-99;2.29824;0.3;347
-1.2;-2.1;-0.2;0.434;83.4;-99;.7;-99;1.40832;0;348
-1.5;-2.2;-0.9;0.319;92.7;-99;0;-99;.95904;0;349
-2.8;-3.7;-1.8;0.283;95.3;-99;0;-99;.76896;1.8;350
-3.8;-7.2;-2;0.295;98.7;-99;0;-99;1.08864;1.7;351
-6.3;-7.7;-5;0.262;98.6;-99;0;-99;1.13184;0;352
-9.5;-14.2;-7.4;0.197;97.2;-99;0;-99;.79488;0.3;353
-6.6;-11.9;-3.8;0.213;98;-99;.1;-99;.55296;0.5;354
-9;-16.5;-5;0.269;94;-99;.1;-99;1.88352;0;355
-6.8;-16.8;-0.6;0.244;96.8;-99;.3;-99;1.11456;3;356
-0.4;-1.4;0.6;0.319;99.4;-99;0;-99;.82944;9.4;357
-2;-3.6;0.1;0.302;95.6;-99;0;-99;.864;0;358
-5.3;-6;-3.3;0.303;86.7;-99;0;-99;1.43424;0;359
-6.3;-8.7;-4.5;0.302;82;-99;0;-99;1.62432;0.7;360
-7.8;-15.8;-5.4;0.213;96.8;-99;0;-99;.70848;2.1;361
-11.5;-17.7;-6.1;0.202;94.3;-99;0;-99;1.33056;0;362
-11.7;-16;-8.9;0.165;94.1;-99;0;-99;.67392;0;363
-10.3;-14.9;-3.3;0.18;94.3;-99;0;-99;.65664;0.4;364
0.7;-3.3;2.3;0.285;97.6;-99;2.4;-99;1.26144;0.5;365
