tavg;tmin;tmax;ET0;relhumid;vapp14;wind;sundu;globrad;precip;jday
C_deg;C_deg;C_deg;mm;%;mm_Hg;m/s;hours;J cm-2 d-1;mm;
63;2;-----;-----;-----;-----;-----;-----;------;-- -;-
6.8;2.1;9.2;0.781;87.6;-99;4.6;2.1;1.76256;0.1;1
3.5;1;5.7;0.273;99.8;-99;1.4;0;.83808;3.93;2
4.7;2.8;8;0.281;98.5;-99;3.9;0.6;1.19232;26.57;3
5.1;3.9;6.3;0.415;95.3;-99;2;1.1;1.40832;5.47;4
5.3;3.7;6.9;0.313;95.9;-99;1.9;0;.3024;3.47;5
4;0.6;5.7;0.309;97.8;-99;2.4;0.1;1.04544;0.6;6
-0.8;-5.2;2.4;0.492;88.5;-99;.9;3.4;2.38464;0;7
-2.4;-6.7;1.3;0.453;93.3;-99;1.1;4.7;2.94624;0;8
0.6;-2;2.5;1.094;69.2;-99;4;2.8;2.2032;6.1;9
1.3;0.1;2.1;0.319;96;-99;1.7;0;1.06272;1.87;10
1.5;-0.1;3.6;0.222;100;-99;1.1;0;.33696;6.33;11
1.3;0.6;1.7;0.22;99;-99;2.3;0;.5616;0;12
-0.1;-1.1;0.7;0.586;85.2;-99;3.5;0.9;1.49472;0;13
-1.5;-3.3;-0.1;0.577;78.1;-99;.8;3.7;2.70432;0;14
0.2;-3.1;2.9;0.68;84.2;-99;3.8;3.3;2.592;1.97;15
2.4;1;4.1;0.248;99;-99;4.1;0.6;1.4256;0.3;16
1.6;0.9;2.5;0.291;96.3;-99;3.1;0;.81216;0.5;17
1.5;0.4;2.3;0.193;99.2;-99;3.8;0;.62208;10.83;18
1.3;0.5;1.9;0.273;100;-99;1.8;0.4;1.39104;1.07;19
1.2;-0.9;1.8;0.24;100;-99;1.6;0;.84672;0;20
-0.1;-1.2;1.5;0.368;100;-99;.8;1.3;1.87488;0;21
-0.1;-1;0.8;0.322;96.4;-99;3.1;0.4;1.47744;0.3;22
1.2;-1.1;5;0.257;99.7;-99;2.2;0;1.31328;1.63;23
9.3;5;12;0.582;93.5;-99;5.5;0.1;1.39104;2.7;24
7.2;4.3;11.9;0.555;94.3;-99;2.5;2;2.34144;0.5;25
5.4;3.9;7.3;0.401;100;-99;.4;0.2;1.46016;0.3;26
5.1;3.9;6.1;0.557;91.4;-99;3.2;0.7;1.77984;3.53;27
6.9;5;8.7;0.827;88.7;-99;5.3;2.8;2.87712;6.6;28
8.1;4.7;10.4;0.638;91.5;-99;6.6;0;.89856;4.93;29
4.5;1.9;6.6;0.91;83.8;-99;4.6;2.8;2.97216;1.3;30
3.8;0.4;7.6;0.3;96.5;-99;3.5;0;.6048;4;31
2.4;0.6;4.4;0.537;91.4;-99;4.3;1.3;2.376;0;32
2.7;2.1;3.5;0.456;90.9;-99;2.7;0;1.05408;2.07;33
-0.5;-1.9;2.6;0.371;93.5;-99;1.6;0;1.36512;0.6;34
-0.1;-3.1;2.3;0.406;95.8;-99;1.8;0.8;2.2464;0.3;35
-0.6;-3.8;1.1;0.631;85.4;-99;1.6;2.8;3.456;0;36
-3.1;-5.1;-0.2;0.573;87.8;-99;.5;4;4.25088;0;37
-4;-7.8;1.1;0.682;83;-99;.3;6.5;5.8752;0;38
-3.7;-8.3;3.3;0.691;84.7;-99;.3;6.4;5.9184;0;39
-3.9;-7.7;0;0.61;87.8;-99;1.6;5.3;5.33088;0;40
-1.9;-5.1;1.5;0.538;94.9;-99;1;3.3;4.12992;0;41
0.8;-0.5;2.1;0.28;98.5;-99;3.3;0;1.82304;0.83;42
0.9;-0.5;2.8;0.431;95.3;-99;3.5;1.6;3.09312;2.7;43
-0.1;-2.7;3.9;0.735;92.9;-99;1.5;5.8;6.01344;0;44
-0.7;-5.9;4.5;0.895;83.7;-99;1;7.1;6.93792;1.27;45
-1.3;-3.6;0.8;0.561;93;-99;2.7;3.6;4.69152;1.77;46
2.4;-1.4;5.4;0.812;91.6;-99;2.5;6.5;6.79104;0;47
2.5;0.5;4.1;0.496;97.8;-99;1.1;1.3;3.23136;0;48
1.6;0.1;5;0.778;80.9;-99;1.2;2.9;4.39776;0;49
1.4;-1.1;5;0.857;85.8;-99;1.1;5.5;6.34176;0;50
0.5;-1.5;4.6;0.962;82.5;-99;2;6.8;7.4304;0;51
0.1;-3.3;3.9;0.641;92.2;-99;.8;3.2;4.8816;0.1;52
-0.3;-3.3;3.1;0.593;91.2;-99;.7;1.7;3.79296;0.5;53
-2;-4.2;0.1;1.063;74.9;-99;1.6;8.1;8.77824;0;54
-1.5;-5;0.9;0.928;77.1;-99;2.6;4.5;6.12576;0;55
-4.2;-8;-0.8;0.589;91.6;-99;1.9;4.4;6.10848;1;56
-5.2;-11.3;-1.1;0.736;84.7;-99;2.1;6.8;8.13024;1.87;57
-6.3;-12;-2.7;0.804;78.1;-99;2.6;7.8;9.0288;6.6;58
-10.1;-13.9;-6.5;0.769;67.5;-99;1.9;9.4;10.41984;0;59
-7.9;-12.9;-4.5;0.785;78.7;-99;2.3;8.8;10.65312;0;60
-9.9;-16.1;-6;0.64;80.3;-99;1.3;7;9.27936;0;61
-7.2;-13.6;-2.9;0.889;73.7;-99;1.8;8.7;10.86048;0;62
-5.1;-10.1;-1.1;1.007;71.3;-99;2.6;7.5;9.95328;0;63
0.1;-3.8;5.7;1.073;79;-99;2.2;5.7;8.5536;0.4;64
1.4;-1.8;5.9;1.098;84.8;-99;1.5;6.6;9.48672;5.37;65
0.6;0.2;1.3;0.426;99.5;-99;1.5;0;3.43872;6.7;66
2.1;0.1;5.1;0.547;98.3;-99;1.5;0.8;4.41504;4.8;67
2.6;-1.5;5.3;0.491;96.8;-99;2;0;3.49056;1.07;68
2.5;-2.4;5.6;0.66;95.7;-99;1.8;1.8;5.46048;0.73;69
7.8;1.4;14.3;1.371;92.6;-99;1.2;6.8;10.26432;0;70
6.5;4;8.9;0.475;99.4;-99;.9;0;2.35008;34.17;71
5.4;3.2;8.4;0.32;100;-99;1.3;0;1.1664;2.1;72
2.5;1.4;3.5;0.431;96.7;-99;.3;0;2.00448;0.1;73
1.2;-0.1;2.8;1.091;78.1;-99;1.8;3.9;8.01792;0;74
-1;-3.7;0.5;1.407;64.9;-99;4.5;3.7;7.8624;0.3;75
-3;-4.5;-1.1;1.371;64.5;-99;4;6.9;11.1888;0;76
-2.4;-4.8;0;1.854;49.9;-99;3.2;10.4;14.88672;0;77
-1.1;-6.7;4.4;1.695;59.9;-99;1.2;10.5;15.18912;3.3;78
0.2;-3.3;3.1;1.312;81.7;-99;2.4;8.6;13.392;0.2;79
1;-3.9;5.8;0.969;89.3;-99;1.1;4;8.69184;3.77;80
2;0;4.2;0.63;99;-99;.1;0;4.17312;4.83;81
1.8;0.7;3.1;0.548;96.3;-99;0;0;3.24864;0;82
3.6;-0.8;9.5;1.517;84.8;-99;1;7.9;13.23648;0;83
4.8;-1.7;11.8;1.572;76;-99;.7;6.7;12.07872;0;84
3.2;1.6;5.4;0.643;95.3;-99;.4;0;4.1472;0.2;85
4.2;1.6;9;1.367;84.8;-99;.7;5.5;11.016;0;86
2.5;0.1;4.3;0.947;82.1;-99;.6;1.7;6.88608;17;87
0.8;0.2;2.1;0.948;99.8;-99;.8;4;9.52128;0.3;88
1.7;-0.2;5.2;1.487;82.6;-99;1.2;8.1;14.23872;0;89
0.9;0.1;3.1;0.584;92.2;-99;.2;0;3.888;35.4;90
0.6;0.1;1.5;1.059;97.5;-99;.2;3.7;9.6336;3.03;91
1.7;-3.7;6.2;1.996;76;-99;1.2;12.5;20.07936;5.23;92
6.7;1.8;13.3;1.394;91;-99;.5;4.1;10.41984;0.8;93
11.5;6.6;16.7;2.621;76.5;-99;2.1;9.9;17.34048;10.03;94
8.6;3.1;12.4;1.286;87;-99;3.9;1.9;8.00064;1.93;95
6.3;1.7;11.9;2.579;65.9;-99;1.8;12;20.14848;0;96
10.5;3.3;17.2;3.637;52.2;-99;3.3;11.5;19.70784;0;97
13.5;6.8;19.7;3.433;66.8;-99;2.3;12;20.49408;0;98
13.7;4.1;22.9;3.048;69;-99;1.1;10.5;18.86112;0;99
8.9;5;13.6;2.143;82.6;-99;4.6;9.2;17.39232;0;100
5.3;4.3;7.1;0.934;93.8;-99;2;1.2;7.63776;0;101
9.2;4.4;14;2.073;85.4;-99;3.5;8.7;17.08128;0;102
12.6;9.1;18.6;1.893;86;-99;3;4.5;11.93184;5.17;103
9.1;7.7;10.4;0.419;99.4;-99;2.9;0;2.41056;6.33;104
9.4;5.9;13.3;1.32;93.5;-99;1.2;2.4;9.39168;0.9;105
9.5;6.1;14.6;1.429;91.7;-99;1.5;3;10.3248;0;106
10.9;5.6;15.5;2.628;78.9;-99;1.8;9.6;18.84384;0;107
13.7;4;21.4;3.278;75.7;-99;1.4;11.8;21.7728;0;108
15.8;5.8;24.3;3.549;75.7;-99;.6;12.2;22.49856;0;109
18.4;10.8;26.7;4.334;65.6;-99;2.6;12.1;22.45536;0;110
12;5.6;16.1;3.32;74.2;-99;2.3;12.9;23.63904;0;111
12.6;2.9;19.6;3.325;67;-99;1.1;11.7;22.27392;0;112
13.4;5.5;17.7;2.707;77.2;-99;3;7.2;16.38144;0;113
10.3;4.8;14.1;1.47;86.5;-99;4;1.5;8.9856;9.9;114
9.7;5.3;16.7;1.263;90.5;-99;3.5;1.4;8.84736;0.9;115
8.6;4.7;13.4;1.904;84.2;-99;3.2;5.9;15.00768;4.1;116
10.2;4.2;15;2.839;70.5;-99;2.5;9.1;19.44;0;117
13.2;7;20.3;3.219;69.1;-99;1.5;9.9;20.64096;0;118
13.6;8.8;19.2;3.409;74.2;-99;1.9;11.5;22.83552;0;119
13.4;8.7;18.9;2.3;83.9;-99;3.1;5.5;14.904;2.8;120
9.3;4.5;12.6;2.327;70.2;-99;6.1;1.8;9.78048;0;121
9.5;0.5;15.1;2.953;64.2;-99;1.8;9.7;20.61504;0;122
9.5;2.7;14;2.994;75.3;-99;2.2;11.9;23.81184;0;123
8.3;-0.5;14.9;3.105;72.1;-99;1.2;13.1;25.5744;0;124
11.1;1.1;18.7;3.594;64.7;-99;1.1;13.6;26.36928;0;125
13.8;3.1;21.3;4.125;59.8;-99;1.2;14.4;27.54432;0;126
15.6;4.9;23.2;4.376;60.8;-99;1.3;14.4;27.67392;0;127
16.9;9;23.8;4.603;65.2;-99;2.1;14.3;27.6912;0;128
18;11.2;25.2;4.636;67.9;-99;2.2;13.9;27.15552;0;129
17.7;12.7;25.8;3.543;80.3;-99;2.5;9.7;21.45312;0.43;130
12.6;7.8;16.6;2.927;83.1;-99;2.5;10;21.95424;0;131
13.6;5.4;19.9;3.421;79.6;-99;1.2;11.4;24.07104;0;132
17.5;10.8;24.9;4.569;66;-99;2.7;12.8;26.11008;0;133
18.6;11.9;25;5.241;57.2;-99;2.7;13.9;27.76032;0;134
15.9;6.8;23.6;3.459;65.1;-99;2;7.5;18.68832;0;135
16.2;11.3;21.6;3.141;69.8;-99;2;6;16.75296;0;136
13.5;9;17.8;2.855;83.8;-99;3.5;9;21.09024;0;137
13.5;8.3;17.3;1.851;87.2;-99;1.6;2.3;11.56032;0;138
14.7;8.9;20.3;4.34;57.9;-99;1.8;13.2;27.18144;0;139
13.6;3.6;20.7;4.552;54.2;-99;2.1;14.7;29.4192;0;140
15.3;8.6;22.1;4.371;66.8;-99;2.5;13.7;27.97632;0;141
17.2;9.3;23.3;4.487;60.4;-99;1.6;12.5;26.36928;0;142
16.5;5.3;23.6;4.476;62.1;-99;1.6;13.2;27.41472;0;143
17.4;11.9;22.7;5.198;61.6;-99;3.4;14.8;29.84256;0;144
17;9.6;22.5;4.857;65;-99;2.6;14.5;29.5056;0;145
17.2;7.2;23.9;4.232;75;-99;1.8;12.6;26.79264;0;146
17.8;13.5;23;3.813;81.2;-99;2;10.7;24.0192;0.6;147
21.6;15.2;29.2;4.864;68.8;-99;2.3;11.4;25.0992;0.8;148
22.7;17.3;29.1;6.069;58.2;-99;2.6;14.5;29.66112;0;149
22.9;16.6;30.4;6.054;59.7;-99;2.6;14.5;29.71296;0;150
21;15.9;27.9;5.247;68.7;-99;2.7;13.5;28.37376;0;151
21.8;14.9;29.3;5.265;68.8;-99;1.9;14.2;28.52928;0;152
20.2;12.7;27.4;4.875;74.3;-99;1.2;14.3;28.7712;0;153
17.1;12.7;20.6;1.641;93.1;-99;1.6;0;9.44352;0;154
16.5;11.7;21.9;1.959;88.2;-99;2.2;1.2;11.19744;0;155
17.8;11.6;24.7;3.942;73.3;-99;2.1;9.4;23.1984;0;156
16.8;10.3;22.8;5.298;56;-99;2.5;16.3;31.57056;0;157
19.2;10.6;26.2;5.812;48.4;-99;2.2;16.1;31.32864;0;158
21.5;12.6;29.2;5.669;52.4;-99;1.7;14.7;29.58336;0;159
21.7;11;29.3;5.527;56.9;-99;1.4;14.9;29.85984;0;160
19.9;13.6;31.2;3.293;80.1;-99;1.2;6.3;18.25632;6.9;161
17;14;20.4;3.833;71.5;-99;3.4;8.6;21.34944;0;162
14.8;13.7;17.1;1.868;77.9;-99;2.6;0;7.56;0;163
14.4;9.6;19.2;2.637;78.9;-99;2.8;4.5;15.82848;0.3;164
16.1;9.6;21.7;3.699;69.5;-99;2;9.1;22.04928;0;165
17;10.1;20.9;4.412;68.6;-99;1.6;13.1;27.59616;0;166
18.4;8.4;24.9;3.84;67.2;-99;1.7;8.2;20.90016;1.57;167
17.3;11.8;22.8;3.383;78.2;-99;2.1;7.7;20.20032;0.9;168
17.5;11.4;22.7;3.578;73;-99;2;7.8;20.42496;0.4;169
17.5;10.4;22.5;2.891;78.4;-99;2.7;4.1;15.34464;0;170
18.6;8.3;25.7;4.865;69.8;-99;2.7;14.1;28.86624;0.8;171
12.4;8.9;16.3;0.976;95.9;-99;2.4;0;6.28992;27.2;172
13.1;8.2;18.4;3.348;76.5;-99;4.2;10.5;24.04512;0.83;173
14.3;12.2;17.7;3.43;70.6;-99;4.3;7.2;19.53504;0.73;174
13.4;8.7;16.6;1.891;89.4;-99;1.9;2.1;12.67488;0.53;175
14.9;8.7;19.7;2.472;87.7;-99;1.9;5;16.60608;0;176
17.2;12.4;22.1;3.809;86.1;-99;1.9;11.8;25.76448;0;177
18.3;12.4;23.2;5.067;68.7;-99;1.8;15.9;31.38912;0;178
19.2;12.4;25.2;5.239;67.2;-99;1.9;15.9;31.26816;0;179
17.5;10.8;23;4.278;74.6;-99;2;12.6;26.83584;0;180
16.8;10.2;22.2;4.05;60.4;-99;1.2;10.7;24.192;0;181
16.3;7.4;21.1;4.761;57.2;-99;1.8;14.1;29.10816;0;182
16.2;5.2;23.3;4.892;61;-99;2.1;15.3;30.74112;0;183
17.5;8.1;24.9;5.07;63.6;-99;1.7;16;31.6224;0;184
16.9;7.1;23.9;4.768;73.4;-99;1.3;15.9;31.50144;0;185
16.5;9.8;20.2;2.259;79.9;-99;2.2;1;11.34432;0;186
18.2;13.7;22.9;5.029;63.6;-99;4;12.6;26.88768;0;187
17.5;11.4;21.8;4.811;67.2;-99;4.3;13.1;27.52704;0;188
18.6;14.9;23.2;3.504;82.7;-99;2.5;8.4;21.19392;0;189
16;11.5;19.6;2.688;76;-99;3;2.7;13.46976;0;190
15.4;9.8;20.7;3.641;78.6;-99;1.6;10.8;24.41664;21.6;191
17.1;15.8;18.5;1.178;99.2;-99;1.8;0;7.2576;11.9;192
19.1;14.6;23.8;3.903;80;-99;2.2;10;23.1984;0;193
19.4;14.2;24.8;4.348;78.5;-99;2.8;12.2;26.07552;0;194
15.8;10.2;18.5;2.163;82.5;-99;2.3;1.4;11.6208;0;195
16.8;9.4;22.9;3.82;81;-99;1.1;11.2;24.7104;0;196
19.4;9.7;26.9;4.791;73.6;-99;1.1;14.4;28.88352;0;197
21.1;12.2;27.6;4.751;69.1;-99;1.3;12.5;26.2656;0;198
20.6;18.6;23.6;4.296;78;-99;3.5;10.7;23.8032;0;199
19.2;11.1;23.2;5.201;67.6;-99;3.1;15.1;29.68704;0;200
17.4;10.1;22.9;4.676;69.2;-99;1.5;14.9;29.35008;0;201
19.2;9.1;27.2;4.372;63.4;-99;.7;12.3;25.79904;0;202
20.9;12.5;28.7;3.561;68.4;-99;1;6.7;18.30816;0;203
20;14.2;24.6;4.577;76.3;-99;1.8;13.1;26.71488;0;204
22.3;14;28.9;4.862;68.7;-99;1;12.9;26.3088;0;205
23.6;14.2;30.7;5.444;65.7;-99;1.4;14.3;28.08;0;206
24.5;14.9;32.1;5.347;62.9;-99;1.7;12.3;25.4448;0;207
23.9;16.4;29.8;5.419;72.9;-99;2.7;13.8;27.22464;0;208
24;18.8;31.7;4.795;74.4;-99;2.4;10.9;23.35392;5.73;209
22.1;17.7;27.9;5.235;61;-99;1.6;13.7;26.96544;0;210
24.5;19.1;29.9;4.649;60.6;-99;2.1;7.5;18.8352;0;211
26.8;19.4;34.2;5.768;53.8;-99;1.8;11.7;24.16608;0;212
22.6;15.8;27.3;3.882;79.1;-99;2.3;8.7;19.42272;0;213
21.5;14.4;28.6;4.323;68.3;-99;1.2;11.5;22.74048;0;214
23;12.5;32.2;4.775;62.4;-99;.8;13.5;25.09056;0;215
22.7;17.6;27.5;4.544;72.9;-99;2;11.7;22.80096;0;216
19.9;17.1;23.4;3.899;71;-99;3.6;7.5;17.6256;0;217
21.2;14;29;4.527;65.8;-99;1.2;12.9;24.1056;0;218
24.6;12.7;33.4;5.709;51.7;-99;1.6;14.8;26.28288;0;219
26.5;20;34.3;5.697;51.9;-99;2.4;10.4;20.84832;0;220
22.6;15.2;29.5;4.377;74.6;-99;1.7;11.7;22.34304;7.3;221
18.5;10.9;22.7;3.653;72.7;-99;3.6;8;17.73792;0;222
15.2;10.9;20.4;2.77;77.3;-99;3.2;5.9;15.19776;0.8;223
17;10.8;22.3;3.494;70.1;-99;2.2;9;18.7488;0;224
20.7;16.1;29.5;3.639;67.5;-99;1.6;7.9;17.28864;0.4;225
18.2;14.6;24.1;1.671;90.9;-99;2.2;0.6;8.64;5.67;226
19.4;16.9;23.6;2.309;82;-99;1.7;2.7;10.98144;0.2;227
21.2;15.1;27.4;4.572;69.1;-99;2.1;13.2;23.25888;0;228
18.5;12;24.4;3.057;82.8;-99;1.9;8.2;17.34048;1.43;229
17.4;9.1;25.2;3.907;69.8;-99;1.4;13;22.80096;0;230
18.4;11.7;25.6;3.489;73.4;-99;1.7;9.7;18.85248;0;231
18.4;13.8;21.5;2.198;80.9;-99;2.7;1.5;9.25344;0.3;232
16;9.1;20.9;3.849;65.6;-99;1.7;13.1;22.43808;0;233
18.3;8;27.1;4.081;61.1;-99;1.2;12.4;22.45536;0;234
20.1;11.1;30.2;3.931;69.8;-99;1.7;11.3;20.088;0;235
17;12;22.4;2.784;71.1;-99;2.3;4.6;12.46752;0;236
12.9;8.1;19;2.04;80.2;-99;2.3;3.8;11.39616;0.5;237
13.4;7.5;20.3;2.855;72.3;-99;2;8.8;16.96032;0;238
14.4;11;17.5;1.781;77.9;-99;3.2;0;5.84064;1.17;239
16;10.8;22.3;2.54;78.4;-99;1.5;6.4;14.01408;0;240
18;10.4;24.8;3.382;71;-99;1.8;9.7;17.53056;0.2;241
16.1;14.3;19;1.009;94.1;-99;1.9;0;4.73472;14.9;242
15.9;10.5;19.5;2.305;87.1;-99;2.6;6.7;13.96224;0;243
14.5;9;19.8;2.96;81.6;-99;1.3;11.5;19.16352;0;244
16;6.4;22.8;2.53;83.6;-99;1.9;7.8;14.8176;0;245
19.9;15.8;25;3.533;80.3;-99;2.8;11.4;18.80928;0;246
17.7;13.8;22.9;3.15;81.4;-99;2.1;10.9;18.1008;0;247
18.1;13.2;23.9;3.036;81;-99;1.5;10.1;16.98624;0;248
17.8;12.4;23.6;3.038;82.2;-99;2;10.5;17.31456;0;249
16.3;8.9;22.4;1.839;88.1;-99;2;4;9.92736;0.87;250
13.8;7.6;20.6;2.812;73;-99;2.5;9.3;15.64704;0;251
16.4;9.3;22.8;3.044;68.9;-99;1.1;10.4;16.70112;0;252
16.8;11.3;22.7;2.115;75.7;-99;1.4;4;9.62496;4.3;253
17;13.5;20.9;1.486;87.3;-99;2.9;0.7;5.9616;3.67;254
14.4;10.5;16.8;0.954;94.2;-99;1.9;0;4.64832;0.5;255
13;6.9;19.6;2.474;80.2;-99;.8;10.1;15.84576;0;256
12.7;3.8;19.9;2.624;75.4;-99;1.1;11;16.60608;0;257
13.9;9;18;1.93;79.9;-99;2.3;4.3;9.40032;0;258
13.8;7.5;21.1;2.576;77.3;-99;1.8;9.9;15.17184;0;259
16;8.8;24.4;2.781;71.5;-99;1.3;9.7;14.79168;0;260
18.9;7.7;28.7;3.754;61.4;-99;2.1;11.5;16.46784;0;261
18.4;10.9;25.7;3.069;75.1;-99;1.6;10.9;15.67296;0;262
18.9;13.7;25.3;2.958;71.1;-99;2.2;7.9;12.49344;0;263
16.8;9.9;26.9;2.495;74.5;-99;4.4;3.1;7.59456;8.57;264
11.2;8.8;16.6;1.712;85.6;-99;3.9;6.2;10.55808;2.93;265
10.1;6.7;13.4;1.133;89.9;-99;1.9;2.2;6.54912;2.43;266
10.4;5.8;13.9;2.855;63.6;-99;5.6;6.9;10.96416;2.43;267
9.1;4.6;13.6;1.935;79.1;-99;1.8;8.4;12.81312;0;268
12.4;5;16.3;2.289;71.5;-99;4.9;3;7.0416;0.3;269
17.1;14.2;21;1.953;85.4;-99;4;4.8;8.65728;0.5;270
12.1;9;15.7;2.861;66.7;-99;4.3;9.1;12.55392;1.03;271
9.1;1.8;15.5;1.745;78.5;-99;1.3;7.6;10.9728;0;272
9.5;4.6;15.6;1.723;75.9;-99;1.4;6.6;9.92736;0.1;273
9.5;5.4;14.1;1.247;89.7;-99;1.7;4.7;7.87104;4.67;274
8;4.2;10.9;0.686;92.8;-99;5.2;0;3.0672;6.4;275
10.9;8.7;13.5;2.443;73.3;-99;5.7;9.1;11.49984;0.5;276
11.2;7.4;14.9;0.726;97.7;-99;2.6;1.2;4.50144;0.1;277
14.3;8.7;20.1;2.25;79.7;-99;2.8;9.5;11.56032;0;278
12.4;4.3;20.3;1.883;85.7;-99;1;9.7;11.58624;1.73;279
9.2;3.9;12.7;1.354;86.6;-99;2.6;5.9;8.23392;0.1;280
8.1;2.2;14.4;1.515;83.3;-99;1.6;8.1;9.92736;0;281
10.4;5.4;17.3;1.48;82.7;-99;1.4;6.3;8.30304;0;282
13.2;4;20.9;1.834;83.1;-99;1.3;8.8;10.2816;0;283
15.9;11.4;21.9;2.415;72.7;-99;2.1;9.2;10.46304;0;284
16.2;10.5;23.5;2.13;76.7;-99;1.3;9;10.152;0;285
16.7;8.1;25;2.208;72.4;-99;1.1;9.3;10.18656;0;286
15.2;10.1;20.9;2.268;71.5;-99;1.9;8.7;9.65088;0;287
14.8;7.6;22.7;2.162;69.4;-99;1.4;8.8;9.58176;0;288
13;5.4;23;1.557;82.7;-99;.3;7.9;8.7264;0;289
11.9;5;21.7;1.417;89.2;-99;.1;7.4;8.22528;0;290
10.6;4.2;15.2;0.758;94.1;-99;2.2;1.3;3.65472;0;291
6;-0.7;13.2;1.207;88.6;-99;.7;8.1;8.53632;0;292
8.6;3.6;13.7;0.837;88.9;-99;1.2;1.9;3.93984;0;293
9.7;2.5;15.2;1.175;88.8;-99;1.7;6;6.75648;0.6;294
9.8;3.6;12.7;1.566;80.1;-99;3.3;6.9;7.28352;0.5;295
10.5;5.6;12.6;1.036;86.8;-99;7.1;0;1.3392;7.53;296
9.5;8.2;11.2;2.365;66.8;-99;5.5;7.6;7.58592;1.57;297
10.9;8.9;12.3;1.384;82.9;-99;6.1;1.7;3.46464;1.1;298
9.1;7.1;11.7;0.497;96;-99;3.9;0;1.96128;4.7;299
5.9;0.7;8.5;0.8;88.5;-99;4.2;1.6;3.29184;1.5;300
4;0.1;6.9;0.608;93.1;-99;2.3;2.2;3.59424;6.17;301
5.7;4.6;7.3;0.677;87.8;-99;3.2;0;1.69344;0;302
10.7;5.5;18.8;1.458;82.8;-99;5;5.2;5.4;0.2;303
8.7;5.1;11.8;1.453;80.6;-99;4.7;6.1;5.832;0;304
7;2.8;10.5;0.749;93.5;-99;1.3;3.9;4.25088;0;305
7.5;3.1;12.6;0.802;92.5;-99;2.5;4.6;4.58784;0;306
3.1;-1.9;10.4;0.847;92.8;-99;.5;7.2;6.11712;0;307
5.9;-2.3;9.1;0.473;98;-99;1.5;1.3;2.47104;0;308
9.4;7.8;10.9;0.313;99.7;-99;1.8;0;.81216;0;309
9.7;5.2;14.7;0.945;93.2;-99;1;6.3;5.28768;0;310
8.2;4;13.6;0.799;97.4;-99;1.1;5.8;4.968;0;311
5.9;0.8;12.2;0.61;99;-99;.3;2.9;3.24;0;312
6.7;2.1;9.6;0.443;100;-99;1.2;1.2;2.21184;0;313
9.4;7.9;11.4;0.55;96.1;-99;2.4;1.6;2.376;0;314
10.6;8.9;14.1;0.746;93.9;-99;2.4;3.6;3.43872;0.43;315
11;9.7;13.4;0.388;98.3;-99;2;0;1.08;2.27;316
9.6;7.6;11.6;0.369;99;-99;2.5;0;1.3824;1.97;317
8.6;7.1;9.6;0.457;98.8;-99;2.6;2.1;2.47104;0;318
8;5.2;11.5;0.745;94.2;-99;1.5;5.2;4.08672;0;319
5.2;2.1;9.6;0.793;88.6;-99;2.2;5.5;4.1472;0;320
1.8;-1.8;5.2;0.571;94.4;-99;1.3;5;3.86208;0;321
2.5;-4.7;7;0.272;97.7;-99;1.9;0;.65664;0.47;322
5.3;3.1;7.1;0.841;85.1;-99;3.4;3;2.85984;0.47;323
3.3;1.7;4.2;0.576;79.1;-99;1.1;0;1.09728;0;324
0.8;0;1.7;0.509;87.5;-99;1.9;1.2;1.79712;0;325
-0.5;-1.3;0.1;0.282;98;-99;.3;0;.5616;0;326
0.3;-1.1;1.7;0.285;100;-99;0;0;.62208;0;327
2.5;1.5;3.5;0.329;95.8;-99;.4;0;.83808;0;328
4.1;2.6;6.1;0.451;94.5;-99;1.2;1.5;1.83168;0.1;329
3.3;1.1;5.9;0.468;93.4;-99;1.3;2;2.01312;0;330
1.4;-0.6;2.6;0.374;86.6;-99;.6;0;.74304;0;331
-0.8;-4.7;2.1;0.617;85.3;-99;2.3;4.3;3.00672;0;332
1.4;-0.1;3;0.657;68.3;-99;1.2;0;.74304;0.37;333
1.7;1.1;2.5;0.312;80.2;-99;0;0;.63936;0.5;334
4.1;0.7;7.1;0.291;99.5;-99;1.3;0;.87264;0;335
6.6;4.6;9.6;0.325;98.2;-99;.5;0;.55296;3.8;336
10.2;7.4;12.4;0.424;97.4;-99;2.7;1;1.36512;8.5;337
5.8;2.5;8.1;0.898;84.6;-99;4.4;3.9;2.4624;1.1;338
1.9;0;5.2;0.437;96.6;-99;1.8;4.5;2.70432;0.2;339
4.2;1.8;9.6;0.354;94.2;-99;2.9;0;.36288;2.57;340
10.4;8;11.1;0.229;99.8;-99;4;0;.45792;5.2;341
6.9;5.5;8;0.669;90;-99;6.9;0;.62208;15.57;342
6.7;5.1;8;0.541;93.2;-99;4.7;1.9;1.63296;4.57;343
5.5;4.4;6.3;1.043;80.7;-99;5.6;1.6;1.47744;2.2;344
4.6;1.8;6;0.572;88.9;-99;4.7;0;.27648;2.2;345
3.7;0.9;5.5;0.374;96.2;-99;2.6;1.7;1.50336;0.2;346
1.3;-0.7;3.1;0.305;98.2;-99;1.4;1;1.24416;0;347
0.5;-0.2;1.2;0.277;94.2;-99;1.1;0;.29376;0;348
-0.3;-1.5;0.3;0.372;91.2;-99;.7;0.7;1.13184;0;349
-0.8;-2;0.1;0.376;89.1;-99;2.4;0;.28512;0;350
-0.6;-1.6;0.7;0.287;96.6;-99;1.3;0;.76896;0.2;351
2.7;0.6;4.7;0.213;100;-99;1.7;0;.3456;0.1;352
1.9;0.9;2.8;0.232;98.3;-99;3;0;.59616;0;353
2.5;0.8;3.6;0.283;100;-99;1.1;0.3;.96768;0.1;354
5.3;2.9;8.3;0.224;100;-99;2.6;0;.54432;2.8;355
4.1;2.3;8.2;0.218;99.1;-99;2.6;0;.29376;10.8;356
4.9;2.1;7.1;0.288;98.7;-99;2.5;0.3;.9504;8.57;357
2;0;5;0.567;87.1;-99;3.6;0.6;1.06272;0;358
5.8;4.7;6.5;0.711;87.9;-99;5.3;0.5;1.02816;0;359
7.1;6;9;0.336;96.6;-99;4.2;0;.55296;0;360
7;6.2;7.9;0.259;100;-99;1;0;.22464;0.4;361
6.5;5.7;7.2;0.363;95.4;-99;0;0;.74304;0.7;362
7.2;6.4;8.3;0.351;98.5;-99;1.4;0.4;1.01088;7.63;363
5.4;-0.1;7.9;0.451;93.3;-99;1.9;1;1.2528;0;364
5.1;0.1;8.1;0.27;99.6;-99;1.9;0;.76896;1.33;365
