tavg;tmin;tmax;ET0;relhumid;vapp14;wind;sundu;globrad;precip;jday
C_deg;C_deg;C_deg;mm;%;mm_Hg;m/s;hours;J cm-2 d-1;mm;
63;2;-----;-----;-----;-----;-----;-----;------;-- -;-
0.7;-0.7;1.6;0.262;100;-99;1.3;0.3;1.05408;0;1
-3.7;-8.8;1;0.339;86.3;-99;1;0;.864;0;2
-9.8;-10.9;-8.3;0.309;74.2;-99;.3;3.1;2.2032;0;3
-9.6;-11.6;-7.3;0.323;70.2;-99;.5;2.2;1.84032;0;4
-9.1;-11.4;-5.5;0.338;70.4;-99;.4;2.8;2.12544;0;5
-8.2;-11.6;-3.5;0.363;77.6;-99;.4;3.9;2.56608;0;6
-8;-12.4;-3.7;0.245;94.8;-99;1.8;1.9;1.77984;3;7
0.5;-3.7;3.1;0.238;96.8;-99;3.8;0;.40608;6.87;8
0.6;-1.9;4;0.459;93.2;-99;.5;3.4;2.45376;0;9
0.3;-1.5;2.2;0.217;99.2;-99;1.3;0;.36288;4.8;10
0.7;-2.1;2;0.351;100;-99;0;0.5;1.27872;0.1;11
1.5;0.2;3.7;0.312;100;-99;0;0;.7776;14.37;12
1.4;-1.4;3.7;0.319;97.7;-99;.3;0;.9504;1.83;13
1.1;-1.3;2.3;0.344;100;-99;0;0.1;1.15776;0;14
-0.2;-2.7;0.4;0.334;100;-99;.2;0;1.09728;0;15
-0.7;-3;0;0.299;100;-99;0;0;.66528;1.6;16
-2.6;-8.7;0.4;0.376;96.6;-99;.4;1.9;2.01312;0;17
-5.7;-9.8;-3.1;0.353;95.7;-99;1.1;3.7;2.87712;0;18
-4.9;-9;-2.1;0.362;91.3;-99;2.3;2.2;2.22912;0;19
-2.4;-6.5;0.1;0.453;90.8;-99;1.7;3;2.64384;0;20
-3.4;-8.7;-0.6;0.466;90.1;-99;1.4;3.9;3.10176;0;21
-6.2;-9.3;-3.5;0.396;95.5;-99;1;5.1;3.70656;2.1;22
-1.5;-5.1;3.5;0.415;94.3;-99;1.8;2.4;2.47968;1.57;23
3.4;2.3;4.3;0.292;100;-99;1.4;0;1.1232;11.57;24
6.9;3.9;9;0.312;100;-99;.9;0;.71712;0.93;25
7.2;5.3;8.8;0.681;91.4;-99;3.4;2.6;2.6784;1;26
9.4;7.5;11;0.604;92.4;-99;6.5;0;.57888;2.7;27
6.5;2.4;10.8;1.237;78.7;-99;4;5.1;4.08672;0;28
5.7;2.7;9;0.664;89;-99;6.3;0;.63072;0.5;29
6.7;2.1;9.4;0.483;94;-99;6.3;0;1.08864;8.07;30
2.9;1.7;4.9;0.5;93;-99;4.3;1.6;2.40192;3.93;31
5.6;-0.1;10.6;0.343;97.1;-99;3.3;0;1.13184;8.83;32
7.8;5.6;10.1;1.999;67.6;-99;7;1.4;2.5056;0.3;33
4.9;2.5;6.6;1.045;80.8;-99;4.8;2;2.8944;0.5;34
2.8;1.3;5.3;0.578;92.4;-99;1.5;2.7;3.33504;0;35
2.9;-0.3;6.6;0.39;99.3;-99;1.4;0.7;2.27232;3.6;36
7.5;4.6;10.2;0.713;93.5;-99;2.2;3.3;3.8448;0;37
7.4;2.8;11.8;1.159;79.3;-99;2.6;3.9;4.2768;0.4;38
6.7;4.6;9.4;1.206;80.5;-99;6.4;0.7;2.35008;1.7;39
6.5;5.2;8.6;1.074;84.9;-99;6;3.5;4.18176;4.73;40
3.9;1.1;7.8;0.633;90.3;-99;3.3;1.4;2.88576;3.27;41
3.9;3.1;5;0.466;98.3;-99;.2;0.1;2.10816;7.87;42
2.4;-0.5;4;0.499;97.9;-99;.1;0.8;2.61792;0.2;43
1.8;-1.9;6.2;0.786;91.1;-99;1.1;5.9;6.03072;0;44
2.1;-0.2;3.7;0.469;92.6;-99;1.1;0.1;2.2032;8;45
1.5;-0.5;3;0.464;92.8;-99;.5;0.2;2.32416;1.47;46
0.1;-3.2;4.8;0.95;78.7;-99;.4;7.8;7.69824;0;47
-0.1;-3.3;3.2;1.012;81.4;-99;1.8;7.6;7.66368;0.3;48
0.7;-0.9;3.3;0.529;94.2;-99;.4;1.4;3.34368;0;49
1.5;-1.9;5.1;0.739;88.6;-99;.6;3.9;5.20992;0;50
3.2;0.3;5.5;0.347;95.2;-99;2.5;0;.89856;6.13;51
6.5;4.6;10.2;0.569;94.5;-99;1.5;0.3;2.69568;17.33;52
5.5;3.5;10.2;0.724;85.6;-99;2;0;2.4624;1.2;53
4.5;3;7.5;0.915;85.6;-99;2.1;3.5;5.25312;0.43;54
2.5;-0.6;5.7;0.968;87.5;-99;2.4;6.6;7.70688;0;55
1;-0.5;2.7;0.454;94;-99;2.1;0;2.66976;0;56
1.9;-2.3;5.4;0.829;92;-99;1.6;5.4;6.98976;0;57
0.8;-2.9;5.5;0.964;83.3;-99;.5;6.3;7.8192;0;58
0.5;-3.4;5.6;0.902;91.7;-99;1.1;6.7;8.25984;0;59
0.8;-2;4.2;1.048;83.3;-99;2.1;7.3;8.84736;0;60
1.7;0;4.9;1.196;73.5;-99;2.2;4.9;7.48224;0.67;61
3;-0.1;7.8;0.404;96.1;-99;3.8;0;2.376;0.53;62
3;-0.4;7;0.961;89.2;-99;1.3;4.7;7.50816;0;63
1.3;-2.4;5.2;0.707;93.8;-99;1.6;2.9;6.01344;0;64
3.7;2.4;5.6;0.607;89.4;-99;2.3;0;2.56608;3.7;65
2.9;2;3.5;0.421;99.1;-99;.6;0;2.13408;6.7;66
2.1;-1.8;6.1;0.778;91.5;-99;1.4;2.6;6.06528;0;67
2.3;-2.9;7.8;1.266;83.2;-99;1.6;7.7;10.86048;0;68
3.2;-1.1;8.5;1.461;77;-99;1.9;8;11.30112;0;69
3.7;0.8;8.1;0.911;90.2;-99;1.6;3.2;6.8688;0;70
2.9;0.9;5.6;0.992;80.6;-99;1.3;2.6;6.46272;0;71
1.5;-0.2;3.8;0.649;93.2;-99;1.6;1.1;5.01984;0;72
1.5;-2.8;7;0.928;89;-99;1;3.8;7.75872;0;73
1.6;-3.7;4.9;0.499;98.3;-99;1.4;0;3.87072;0;74
4.6;3.3;9.1;1.297;83.8;-99;2.6;5.6;9.8064;0.7;75
4.1;-1.8;10;1.742;77.9;-99;1.2;10.2;14.53248;0;76
4.2;-3.7;11.2;1.768;77.6;-99;1.3;10.2;14.7312;0;77
3.9;2.2;5;0.399;98.7;-99;2.5;0;2.71296;0;78
4.8;1.8;8.3;1.345;87.3;-99;1.5;6.3;11.016;0;79
5.4;2.1;9.1;1.278;83.4;-99;2.6;4.1;8.80416;0;80
5.8;3.9;8.2;0.805;91.2;-99;3.2;0.4;5.03712;6.17;81
5.5;4.5;7.3;0.873;96.1;-99;.8;1.5;6.264;0.3;82
5.3;3.4;7.8;0.89;92.3;-99;2.1;1.7;6.60096;0;83
5;2.5;9.2;1.507;86.9;-99;1.8;7.6;13.01184;0.83;84
6.5;4.1;8.1;0.524;99.4;-99;1.2;0;3.08448;2.87;85
7;2.7;12.7;1.797;81.2;-99;2.3;7.8;13.5648;0;86
7.9;4.5;13.4;1.496;82.3;-99;3.7;3.6;8.9856;1.47;87
8.7;2.5;13.9;2.106;74.2;-99;4.1;6.2;12.0096;0;88
6.9;4.4;12;1.265;88.3;-99;2.2;3.7;9.288;4.03;89
5.6;1.8;11.1;1.153;88.1;-99;2.5;3;8.70048;1.6;90
6.1;1.9;9.4;1.358;82.2;-99;1.9;3.4;9.25344;0;91
4.4;-1.5;9.5;2.203;73.5;-99;1.7;11.9;19.44;0;92
8.2;0.3;15.8;2.893;56.1;-99;2.5;10.1;17.47008;0;93
11.5;5.3;19.2;2.417;62.8;-99;1.4;6.3;13.12416;0;94
13.3;6.3;19.5;1.821;75.7;-99;1;3.2;9.53856;0.1;95
11.6;6.7;15.7;1.39;91.1;-99;1.5;2.5;8.76096;4.53;96
10.1;6.2;13.8;2.073;76;-99;4.2;4.2;10.86912;1.2;97
7.7;2.5;12.3;2.078;76.4;-99;4.3;6.4;14.23008;0;98
6.5;2;11;1.31;86.3;-99;2.2;3;9.58176;0.1;99
7.2;-0.1;13.9;1.998;74.3;-99;1.1;7;14.70528;0;100
6.9;2.9;12.2;2.095;75.5;-99;1.9;7.9;15.92352;0;101
7.1;2.7;11.4;1.826;75.7;-99;3.1;4.4;11.664;0.5;102
8.6;5.9;12.7;1.323;85.7;-99;1.8;1.7;8.35488;0;103
9;3.5;15.6;1.872;87.9;-99;1.2;6.2;14.17824;0;104
7.3;1.4;11.8;2.485;77.4;-99;2;11.3;20.77056;0;105
7.9;2.1;13.6;1.027;91.3;-99;1.9;0.3;6.85152;5.73;106
10.6;5.5;15.6;2.431;77.9;-99;3.3;7.8;16.48512;0.1;107
7.8;2.5;13.2;2.813;68;-99;3.1;11.2;21.06432;0;108
6.9;0.3;11.2;1.886;73.7;-99;3.4;3.9;11.65536;0;109
8.4;5.2;11.8;2.602;71.2;-99;5.8;8.1;17.24544;0;110
8.1;5.8;11.3;2.552;73.1;-99;4.4;9.3;18.95616;0;111
8.1;1.8;12.7;2.837;72.7;-99;3.2;12.2;22.9824;0;112
7.9;3.9;11.7;2.931;70;-99;3.4;12.5;23.42304;0;113
5.8;1.2;10.5;2.359;72.9;-99;2.4;9.8;19.97568;0;114
3.4;-0.4;7.8;1.542;84.9;-99;2;5.9;14.85216;3.13;115
3.2;-0.4;7.9;1.049;91.1;-99;2.9;2.5;10.4112;9.53;116
4.9;0.7;9.7;1.888;76.5;-99;2.5;6.4;15.77664;1.37;117
4.2;0.5;9.1;1.196;92.3;-99;3.1;4;12.6144;15.13;118
5;1.8;9.4;1.266;89.5;-99;2.3;2.9;11.26656;3.2;119
8;0.7;13.5;2.82;64.7;-99;3.7;8.5;18.94752;0;120
10.2;7.2;16.8;2.746;64.4;-99;2.4;6.6;16.46784;0.4;121
10;4.4;15.2;2.88;79.7;-99;2.5;11.6;23.33664;0;122
11.5;0.7;19.6;3.647;62.1;-99;1.1;13.6;26.07552;0;123
11;5.8;18.8;2.653;75.9;-99;2.9;7.7;18.144;0;124
9.2;3.4;13.2;3.093;76.7;-99;2.7;13.5;26.1792;0;125
10.5;0.4;17.8;3.826;57;-99;1.5;14.6;27.88992;0;126
14.8;7.1;22;4.513;56.3;-99;2.3;13.9;27.02592;0;127
16.9;10.1;23.4;5.241;50.4;-99;2.8;14.3;27.7344;0;128
17.2;11.1;23.5;4.926;54.9;-99;2.8;12.9;25.77312;0;129
17.6;11.8;23.9;4.885;59.4;-99;2.3;14;27.46656;0;130
17.1;8.3;23.7;4.855;61.2;-99;2.5;14.4;28.07136;0;131
16.8;11;23.7;4.296;67;-99;2.7;12;24.84;0;132
14.4;8.7;20.5;4.402;66;-99;3.6;14.5;28.47744;0;133
13.3;5.4;19.3;4.35;61.1;-99;2.3;15;29.21184;0;134
10;6.8;14.1;2.295;78.9;-99;3.1;5.8;16.32096;0.77;135
8.1;4.6;12;1.859;83.3;-99;3.3;4.6;14.75712;13.23;136
9.9;6.8;13.5;2.898;76.1;-99;4.3;10.5;23.112;0;137
9.6;6.2;12.3;1.75;77.3;-99;2.8;0.8;9.48672;0;138
12.7;4.4;18.9;3.112;70.9;-99;1.1;9;21.11616;0;139
15.8;9.2;22.3;3.446;63.9;-99;.5;9.4;21.84192;0;140
14.6;8.7;20.9;2.652;77.1;-99;1.8;5.2;15.79392;0;141
16.2;8.9;22.3;3.224;70.9;-99;1.6;7;18.43776;0;142
20.7;12.7;27;5.425;55.3;-99;2.7;12.1;25.82496;0;143
17;12.1;21.4;2.571;88.2;-99;2.6;5.4;16.2864;0.1;144
14.8;13.5;16.8;1.62;95;-99;3.2;2.3;11.82816;0;145
15.4;12.3;19.3;3.122;88.9;-99;2.3;9.7;22.65408;0;146
14.2;11.4;17.5;1.498;89.1;-99;1.1;0;8.5536;2.07;147
15.4;12.1;20;2.465;77.5;-99;1;4;14.472;0;148
16.2;11;21.4;4.218;75.6;-99;1.9;13.3;28.00224;0;149
18.7;12.7;25;4.018;78.6;-99;2.8;10.6;24.1056;0;150
20.5;17;26.9;3.734;79.8;-99;3.1;7.8;20.10528;1.6;151
20.4;15.1;26.3;4.318;80.8;-99;2.2;11.4;25.37568;3.27;152
19.9;15.5;24.9;4.47;85.2;-99;3;14.4;28.93536;2;153
20;15.1;26;4.183;82;-99;2.1;11.5;25.03008;0;154
21.1;14.7;26.5;5.21;73.6;-99;2.1;15;29.79072;0;155
20;11.3;27.9;4.738;70.3;-99;1.4;13.2;27.36288;0;156
19.4;10.4;27.1;5.311;65.9;-99;1.5;16.4;31.76928;0;157
16.8;9.9;23.2;5.221;60.1;-99;2.4;16.7;32.21856;0;158
18.1;6.6;26.7;5.232;55;-99;1.2;16.6;32.07168;0;159
15.9;12.9;19.3;2.617;79.3;-99;2.9;3.4;14.33376;0;160
16.7;12.7;21.1;4.256;68.2;-99;1.9;12.2;26.1792;0;161
14.3;8.8;19.5;3.796;71.8;-99;3.2;11.4;25.10784;0;162
13.7;4.8;19.1;4.641;58.9;-99;2;16.3;31.7952;0;163
13.4;10;18.3;2.43;75.7;-99;1.9;3.3;14.30784;3.77;164
15.1;11.5;19.3;2.589;84.1;-99;2.2;5.1;16.64064;0;165
15.5;11.9;20.8;2.062;92.7;-99;1;2.5;13.11552;1.47;166
15.5;9.7;21.9;2.369;90.2;-99;.7;3.9;15.04224;0.9;167
16.7;11.9;22.1;2.996;79.1;-99;1.3;6.1;18.02304;0.1;168
15.5;11.7;20.1;1.526;91.3;-99;1.4;0;8.71776;1.43;169
16.1;10.7;21.7;3.697;75.5;-99;2.4;10;23.39712;0;170
15.2;10.8;19.5;2.844;72.5;-99;1.6;4.8;16.3728;0;171
16.2;6.3;22.5;4.494;61.4;-99;2.3;12.5;26.74944;0.77;172
16.7;10.9;21.6;2.298;84.1;-99;2;2.3;12.92544;0.4;173
19.1;9.9;28.3;3.393;79.6;-99;1.6;7;19.29312;0.9;174
23.6;12.7;30.7;5.727;65;-99;2;14.2;29.03904;0;175
24;18.3;30.9;5.615;68.6;-99;2.3;13.5;28.05408;6.7;176
21.7;17.2;29.5;4.07;88.7;-99;2.4;10.8;24.44256;23.9;177
17.6;11.2;21.8;3.833;77.2;-99;2.9;10;23.30208;0;178
17.2;10.2;23;4.383;71.3;-99;2.2;12.9;27.216;0.2;179
16.1;11.2;19.9;2.436;80.2;-99;1.2;3.2;14.07456;1.2;180
15.9;11;21.3;2.646;85;-99;1.7;5.1;16.70112;5.27;181
17;10.1;21;2.572;80.4;-99;1.9;3.2;14.15232;0;182
19.4;15.6;25;3.065;83.4;-99;2.5;5.2;17.08992;1.2;183
15.9;10.4;19.8;1.794;91.5;-99;2.1;0.7;11.03328;4.97;184
13.7;8.3;19;2.88;83.8;-99;1.8;7.7;20.36448;3.53;185
15.2;9.4;20.3;3.428;77.7;-99;1.6;9.4;22.60224;0;186
17;10.3;23.9;3.164;81;-99;2.2;6.9;19.27584;10.07;187
15;12.5;18.9;3.047;76.2;-99;5.7;4.8;16.46784;2.27;188
16;12.3;21;3.784;74.1;-99;2.4;10.4;23.8464;0.1;189
17.2;13.6;23.7;2.422;86.5;-99;2.1;3.3;14.27328;9.97;190
16.8;14.3;20.9;2.644;84.2;-99;2.3;4.4;15.78528;2.1;191
20.9;14.9;26.5;3.944;79.8;-99;2;8.9;21.82464;0;192
19.7;14.2;24;3.514;76.3;-99;2.5;6.3;18.19584;0;193
17.4;12.6;22.9;3.132;82.8;-99;2.1;7;19.11168;0;194
15.1;10.9;20.7;2.2;90.4;-99;.6;3.1;13.84128;8.47;195
15.2;10.6;18.3;2.419;81.5;-99;2.2;3.3;14.15232;1.67;196
15.6;14.1;18.8;2.514;80.4;-99;4.1;2.7;13.25376;0;197
16.7;9.2;21.3;2.998;83.8;-99;2.4;6.9;18.85248;0.3;198
16.2;10.8;21.3;2.235;87.9;-99;1.4;3;13.53888;2.67;199
16.2;13.8;19.6;1.835;87.7;-99;1.6;0.5;10.20384;0;200
18.3;13.9;22;3.045;84.1;-99;1.8;6.4;17.95392;0;201
20.2;10.6;26.6;5.072;69.7;-99;1.2;15.2;29.65248;0;202
21.6;15.8;29.1;4.762;64.9;-99;2;10.9;23.82048;0;203
22;14.9;28.8;5.732;53;-99;1.7;14.2;29.35872;0;204
20;10.3;27.1;4.376;66;-99;.53;-99;24.28236;0;205
21.5;16.9;27.6;4.843;71;-99;.42;-99;26.217;0;206
21.8;16.4;28.9;3.788;75;-99;.25;-99;20.30076;5.5;207
18.9;12.4;22.4;4.31;77;-99;.83;-99;24.34248;0.4;208
16.7;11.7;21.8;1.771;89;-99;.24;-99;9.61668;2.97;209
18.6;14.3;24.2;3.296;74;-99;.58;-99;18.1728;4.5;210
18.7;15.3;23.8;3.699;84;-99;1;-99;20.85588;0;211
17.7;12;22.9;2.883;84;-99;1.17;-99;16.06896;0.6;212
15.6;11.4;21.9;1.679;89.7;-99;.8;0.4;9.52992;7.63;213
15.3;10.6;21.5;2.923;83.4;-99;1.8;8.5;19.02528;0.97;214
15;9.6;20.7;3.099;78;-99;.63;-99;19.35144;0;215
16.5;8.3;19.7;0.955;99.9;-99;2.6;0;6.32448;6.4;216
18.5;14.5;22.7;3.225;80;-99;2.8;7.6;17.712;0;217
17.4;12.7;23.2;2.603;80.4;-99;1;4.1;14.61888;1.23;218
16.3;12.1;20.8;3.009;80.8;-99;2.3;7.5;18.20448;2.53;219
17.4;10.9;23.6;3.565;73.4;-99;2.5;8.1;19.66464;0;220
18.6;14.5;23;3.126;74.8;-99;3;4.7;14.52384;0;221
13.3;9.9;18.2;2.307;77;-99;1.58;-99;13.74012;1.73;222
12.3;7.1;17.6;2.898;72;-99;1.63;-99;19.1664;5.57;223
11.8;6.8;16.3;1.943;79;-99;1.6;-99;12.2184;0.7;224
15.1;11.3;17.8;1.469;91;-99;1.03;-99;8.52156;0.2;225
17.3;12.8;21.4;2.62;83;-99;2.2;-99;14.68836;0.67;226
16.5;12.4;20.8;2.588;75;-99;1.1;-99;15.87924;0;227
14.8;8.8;18.5;2.436;77;-99;.78;-99;15.13656;0;228
12.7;6.3;18.5;2.856;85;-99;.8;-99;18.52128;0.97;229
14;4.3;21.1;3.241;74;-99;.48;-99;20.25396;1.43;230
15.7;10.7;19.6;2.39;78;-99;.43;-99;14.33268;0;231
16.6;9.9;23.2;3.329;78;-99;.2;-99;19.86552;0;232
18.3;14.3;24.6;2.34;79;-99;.61;-99;12.54168;0;233
17.5;12.4;24.3;3.091;78;-99;.65;-99;17.84844;0;234
17.5;12.3;23.2;2.776;80;-99;1.02;-99;15.87168;3.8;235
17.9;12;22;2.538;88;-99;.98;-99;13.8024;0.2;236
20;11.1;27.2;4.026;75;-99;.31;-99;21.78252;0;237
22.9;16.1;30;4.502;57;-99;.64;-99;22.61304;0;238
23.9;16.4;33.4;4.592;61;-99;.79;-99;21.62016;0;239
19.7;15.8;24.7;3.239;68;-99;.61;-99;16.7778;0;240
21.3;15.8;31.8;3.439;71;-99;.74;-99;16.938;4.4;241
17.1;14.5;19.5;2.119;76;-99;1.73;-99;10.92096;0.1;242
16.1;10.5;21.7;2.831;75;-99;1.11;-99;16.61652;0;243
16.7;8;25.1;3.554;73;-99;.46;-99;20.44404;0;244
16.1;9.9;24.6;2.99;79;-99;.74;-99;16.86456;0.6;245
15.9;9.4;22.3;2.632;75;-99;.71;-99;15.2388;0.2;246
17.7;14.4;21.9;2.415;79;-99;1.16;-99;13.02624;4.7;247
16.5;14.6;19.6;1.078;93;-99;.61;-99;5.2092;2.8;248
15.7;9.3;19.5;1.611;87;-99;1.1;-99;8.79624;0;249
14.5;6.1;22.5;3.107;81;-99;.25;-99;18.90864;0;250
17;10.1;24.9;3.272;76;-99;.25;-99;18.63864;0;251
19.4;10.2;28.6;3.513;74.8;-99;1.4;12.1;18.61056;0;252
16.3;9.8;22.2;2.156;87.6;-99;1.5;6.5;12.3984;0;253
17.6;7.4;25.9;3.347;71.3;-99;1;12.4;18.65376;0;254
18.9;12.3;26.7;2.841;79.5;-99;1.3;9;14.83488;0;255
19.9;11.6;27.8;3.144;80.3;-99;1.6;10.6;16.33824;0;256
22.6;17.7;29.9;3.575;74.3;-99;1.9;10.5;16.03584;0;257
21.3;16.6;27.7;3.573;72;-99;2;10.7;16.18272;0;258
19.2;14.4;25.5;3.343;74.5;-99;1.7;11.7;16.98624;0;259
19;13.6;25.9;3.23;73.2;-99;2.2;10.1;15.24096;0;260
17.9;13.7;23.6;2.521;81.6;-99;3.3;7.1;11.95776;0;261
14.1;10.4;19.1;2.236;74;-99;2.3;5.5;10.2816;0;262
14.4;8.4;20.4;2.663;72.6;-99;1.7;9.9;14.48064;0;263
15.3;10.9;19.7;2.17;80.4;-99;1.7;6.9;11.3616;0;264
15.2;9.2;20.4;2.537;69;-99;1.3;8.5;12.82176;0;265
12.9;6.7;19.8;2.021;72.1;-99;.7;7.2;11.39616;0;266
13.6;6.3;22.3;1.922;81.9;-99;1.1;6.8;10.86912;0.3;267
12.8;7;20.1;2.268;80;-99;.9;10.2;14.04864;0;268
14.1;6.1;21.5;2.358;71.7;-99;1.3;8.7;12.41568;0;269
14.9;9.9;22.7;2.286;80.2;-99;1.1;9.4;12.9168;0;270
13.8;8.4;21.8;1.549;87.7;-99;.4;5;8.6832;0;271
16.4;10.5;21.1;2.369;71.9;-99;3.4;3.2;6.98976;0;272
17.6;12.7;22.8;2.657;73.1;-99;4.3;4.2;7.776;1.73;273
13;7.5;18.6;1.678;84.8;-99;2.8;5.4;8.75232;0;274
10.7;6.7;14.7;0.754;96.5;-99;1.2;0.4;3.9744;1.33;275
11.6;6.2;14.9;0.946;94.6;-99;1.5;2;5.24448;0.87;276
11.1;3.1;18.4;1.759;85.8;-99;2;8.9;11.19744;1.77;277
11.9;8.2;15.6;2.688;65.9;-99;3.7;9.2;11.26656;0;278
10.1;6.9;12.2;1.914;72.7;-99;5;2.4;5.3568;0;279
11.1;10.2;12.6;0.889;92;-99;5.8;0.5;3.85344;6.13;280
10.6;7.8;12;0.747;92;-99;2.8;0;2.79072;6.7;281
9.1;6.8;12.2;0.995;93.9;-99;3.3;4.7;7.06752;4.3;282
7.8;3.8;9.9;0.737;96.7;-99;1.6;2;4.7088;3.37;283
6.4;1.1;10.4;0.579;100;-99;.6;0.2;3.21408;4.87;284
9;7.7;9.8;0.435;97.3;-99;2.2;0;1.58112;0.37;285
8;6.6;10.8;0.719;91.5;-99;1.6;0.5;3.30912;0.1;286
7.9;5.6;9.8;0.869;86.3;-99;2.1;0.7;3.42144;0;287
6.5;3.5;9.6;1.021;87.9;-99;3;4.3;6.14304;0;288
7.4;6.2;9.2;0.638;92.8;-99;2.7;0;2.78208;0.9;289
7.2;6.3;7.9;0.349;100;-99;2.1;0;1.65024;0;290
7.4;6.8;8;0.311;100;-99;3;0;1.58112;0.1;291
9.2;7.6;11.1;0.356;100;-99;2;0;1.43424;9.3;292
9;7.2;10.1;0.486;99.9;-99;1;0;2.19456;4.17;293
7.9;7.2;8.9;0.439;99.9;-99;1.5;0;2.17728;2.2;294
7.6;6.8;8.4;0.442;100;-99;1.4;0;2.21184;0.97;295
7.3;6.5;8.2;0.421;100;-99;.4;0;1.45152;2.7;296
7;5.8;8.9;0.561;98.2;-99;1;0.9;2.98944;0;297
7.5;5.4;10.8;0.822;96.8;-99;.9;4.2;5.184;0;298
6.9;2.3;11.8;0.7;97.4;-99;1.1;3.1;4.34592;0;299
6.3;1.8;10.8;0.807;95.8;-99;1.2;4.9;5.42592;0.73;300
9.7;5.2;12.7;0.432;98.6;-99;2.9;0;2.05632;0;301
11;8.6;13.5;0.846;89.5;-99;3.9;0.1;2.2032;0.53;302
9.9;8.5;11.6;1.455;81;-99;4.7;4.7;5.0544;0;303
7.6;2.3;11.4;1.097;88.7;-99;2.3;7.6;6.77376;0;304
8.1;2.3;11.6;0.513;99.2;-99;.9;0.6;2.40192;0.1;305
9.8;7;11.4;0.516;94;-99;2.7;0;1.19232;5.27;306
6.3;3.8;8.2;0.981;83.3;-99;3.8;2.3;3.14496;3.07;307
4.1;1.9;7.8;0.782;82.5;-99;.8;4;4.08672;1.37;308
6;3.1;8.2;0.449;95.8;-99;3.3;0.5;1.944;0.2;309
4.3;2.2;6;0.257;100;-99;1.7;0;.72576;3.9;310
5.1;2.1;7.5;0.476;97.1;-99;1.3;1.4;2.40192;2.03;311
3;1.4;5;0.434;96;-99;1.6;1.2;2.22048;0.93;312
1;-0.2;3;0.293;98;-99;1.5;0;1.14912;8.53;313
0.1;-1.5;1.3;0.478;96.7;-99;1.4;3.8;3.62016;0.37;314
0.5;-1.8;3.1;0.474;96.9;-99;.6;2.5;2.97216;0;315
-0.6;-5.1;5.3;0.658;96.9;-99;.2;5.8;4.59648;0;316
-3.2;-6.6;2.3;0.551;98.6;-99;.4;5.8;4.50144;0;317
-1.7;-5.7;3.5;0.619;91.4;-99;.7;6.1;4.5792;0;318
-0.1;-4.7;3.7;0.806;81.9;-99;2.5;6;4.4496;0;319
3.9;1.3;8.6;0.265;98;-99;2.5;0;.5616;4.33;320
6.7;1.2;10.1;0.309;99.9;-99;2.6;0.2;1.41696;2.63;321
6.9;3.8;9.3;0.421;98.1;-99;2.7;1.7;2.16;3.5;322
6.8;4.4;10.4;0.479;95.4;-99;4;1.5;1.99584;4.8;323
4.6;1.1;8.3;0.587;93.3;-99;2.7;4;3.17088;0.2;324
5.2;0.5;10.4;0.685;88.5;-99;4;1.5;1.944;0.5;325
9.7;6.1;13.5;0.991;82;-99;2.2;3;2.6352;0;326
8.8;6.4;11.6;0.468;99;-99;.6;1.2;1.71936;0;327
6.9;2.1;12.7;0.508;98.3;-99;.3;2.1;2.1168;0;328
3.4;-1.5;8.1;0.546;96.8;-99;1.1;4.9;3.40416;0;329
2.6;-1.3;4.1;0.323;100;-99;.6;0;1.13184;0;330
4.8;2.6;7.9;0.392;97.8;-99;1;0.9;1.52064;0.3;331
5;2.5;7.3;1.336;69.3;-99;3.3;4.7;3.18816;0;332
0.2;-5.1;2.9;0.819;72.8;-99;1.8;4.6;3.10176;0;333
-0.1;-5.2;3;0.489;89.7;-99;1.9;2.3;2.03904;0.47;334
4.2;0.5;7.4;0.382;94.9;-99;3.3;0;1.02816;9;335
8;7;8.6;0.522;93.5;-99;7.1;0;.66528;3.73;336
4.3;2.1;7.1;1.145;75.2;-99;3.9;4.6;2.7648;0;337
-0.3;-5.5;4.2;0.47;96.7;-99;.6;4.4;2.68704;0;338
2.4;0.7;4.2;0.346;96.2;-99;1.1;0.6;1.1664;0;339
2.3;0;4.6;0.435;93.9;-99;1.7;2.6;1.91808;0.1;340
4.4;-1.4;7.3;0.422;95.3;-99;.4;1.6;1.512;0;341
2.9;1;6;0.371;96.3;-99;.8;1.1;1.33056;0.9;342
7.8;5.8;9.2;0.46;93.4;-99;3.4;0;.53568;7.9;343
8.4;6.8;9.4;0.367;97.6;-99;3.2;0.7;1.14912;2.4;344
9.7;8.9;10.8;0.284;98.7;-99;2.7;0;.3888;4.63;345
7.4;6.3;9;0.348;97.7;-99;2.7;0.4;1.02816;8.03;346
3.1;-1.7;7.2;0.48;92.2;-99;1.5;2.9;1.944;0.3;347
2.4;-0.3;4.5;0.288;97.8;-99;1.1;0;.70848;0.6;348
2.9;-2.8;6;0.356;98.5;-99;.9;1.6;1.45152;0;349
0.7;-2.3;2;0.303;94.9;-99;.8;0;.71712;0;350
0.1;-3.1;2.2;0.439;92.5;-99;1.2;3.8;2.25504;0;351
0;-1.4;1.5;0.193;100;-99;1.7;0;.38016;0.6;352
5.2;1.5;6.6;0.271;100;-99;1.6;0;.74304;1;353
4.4;3.6;5.2;0.292;97.5;-99;.1;0;.31104;0;354
1.6;0;3.6;0.267;97.4;-99;2.2;0;.70848;0;355
1;-0.2;2.9;0.401;94.3;-99;1.9;2.8;1.88352;1.7;356
3.2;2.1;4.5;0.289;99.6;-99;.1;0;.42336;4.13;357
5.3;4.1;6.6;0.425;95.5;-99;2.7;2;1.58976;1.6;358
5.4;3;7;0.469;92.6;-99;3.1;0.4;.98496;9.03;359
7.5;3.9;10.8;0.284;98.4;-99;1.8;0;.3456;3.9;360
7.2;0.7;10.9;0.631;90.5;-99;4.5;0.8;1.15776;9.17;361
6.6;5.5;7.6;1.152;79.7;-99;5.1;3.4;2.1168;1.6;362
6;5;6.9;0.352;99.7;-99;0;0;.71712;0.1;363
3;-0.9;5.5;0.435;91.3;-99;.5;1.9;1.58976;0;364
0.2;-1.9;3.3;0.414;96.7;-99;.9;4.1;2.42784;0;365
1.2;-1.9;3.8;0.26;100;-99;.3;0;.432;0;366
