tavg;tmin;tmax;ET0;relhumid;vapp14;wind;sundu;globrad;precip;jday
C_deg;C_deg;C_deg;mm;%;mm_Hg;m/s;hours;J cm-2 d-1;mm;
63;2;-----;-----;-----;-----;-----;-----;------;-- -;-
6.4;3;7.9;0.306;94.4;-99;.5;-99;.10368;7.5;1
4.9;3.1;6.2;0.482;91.6;-99;2;-99;1.26144;3.6;2
7.5;5.3;9.5;0.473;92.9;-99;2.7;-99;.75168;0.6;3
7.5;5.4;9.2;0.422;93.4;-99;2.5;-99;.3888;6.2;4
5.9;4.9;7.2;0.326;97.4;-99;.1;-99;.50112;0.5;5
6.1;5.3;6.8;0.243;98.8;-99;2.7;-99;.3024;3.3;6
4.5;3.1;5.4;0.269;97.9;-99;1.7;-99;.36288;7.9;7
6.4;5.2;7.2;0.26;98.5;-99;1.9;-99;.23328;3.5;8
6.7;5;7.8;0.28;97.6;-99;3.2;-99;.3024;15.2;9
1.8;-2.1;5.2;0.526;88.4;-99;4.5;-99;.62208;6;10
-1;-3.1;0;0.523;82.3;-99;1.7;-99;1.40832;3.5;11
-1.2;-4.6;-0.1;0.401;92.7;-99;.9;-99;1.8144;0.5;12
-2.2;-5.7;0.2;0.42;89.2;-99;.5;-99;2.06496;0.1;13
-5.4;-7.8;-3.9;0.318;88;-99;0;-99;1.66752;0.3;14
-6.5;-13.2;-2.3;0.35;95;-99;.1;-99;2.45376;0;15
-4.1;-6.3;-0.9;0.392;90.7;-99;.2;-99;2.31552;0;16
-0.4;-2.1;0.7;0.469;87.3;-99;.6;-99;2.02176;0.5;17
-1.4;-3.1;-0.1;0.317;85.1;-99;.1;-99;.78624;0.3;18
-4.5;-6.8;-2.5;0.504;80.2;-99;.6;-99;3.29184;0;19
-3.2;-9.8;-0.6;0.327;87.8;-99;.1;-99;1.26144;0;20
-3.4;-5.8;-1.7;0.546;77.1;-99;.7;-99;3.08448;0;21
-3.6;-9;-2;0.435;79.1;-99;.1;-99;2.55744;0;22
-5.1;-10.9;-0.4;0.333;91;-99;.3;-99;1.78848;0;23
-1.9;-4.9;0.6;0.519;82.4;-99;.3;-99;2.96352;0;24
-5;-10.9;4.6;0.496;91.4;-99;0;-99;3.90528;0;25
-7.2;-10.4;-4.6;0.386;89.7;-99;.4;-99;3.17088;1.9;26
-0.2;-4.7;2.2;0.43;98;-99;.3;-99;2.12544;4.1;27
2.3;1.2;2.8;0.42;97.3;-99;0;-99;1.76256;0.3;28
3.8;1.9;6.1;0.352;96.5;-99;1.3;-99;1.09728;16.3;29
7.6;5;11.2;0.504;94.3;-99;4.7;-99;1.47744;13.5;30
5.8;4.8;7.1;0.992;83.1;-99;6.6;-99;1.39968;9.8;31
4.6;2.8;6.4;0.457;94.6;-99;2.5;-99;1.87488;5.8;32
1.4;-0.9;3.5;0.461;90.2;-99;1.9;-99;1.60704;0.6;33
0.6;-2.5;2.7;0.403;94.9;-99;1.4;-99;2.10816;2.5;34
3.7;1.4;6.4;0.464;91.9;-99;3.8;-99;.94176;4.7;35
1.8;0.4;4.2;0.356;94.9;-99;3.6;-99;1.27008;5.2;36
0.8;0;1.6;0.316;96.8;-99;2.4;-99;1.48608;6;37
0;-2;1.8;0.426;97;-99;.5;-99;2.47968;2.7;38
0.1;-1.4;2.3;0.564;95.5;-99;.8;3.7;4.22496;2.9;39
-1.7;-5.2;0.3;0.567;95.8;-99;.8;3.9;4.38912;1.2;40
-2.9;-6.3;-0.3;0.673;91.3;-99;.5;5.8;5.7024;0;41
-2.9;-7.1;0.2;0.66;87.2;-99;1;5.1;5.3568;0;42
-1;-5.6;3.3;0.624;95.8;-99;.5;3.8;4.60512;0.9;43
-3.2;-7.9;0;0.447;94.3;-99;.2;1.2;2.8944;0;44
-1.5;-4.5;0;0.456;94.2;-99;.2;0.6;2.55744;0;45
0;-1.1;1.5;0.493;93.8;-99;.4;1.3;3.05856;0;46
0.6;-0.1;1.5;0.455;97.9;-99;0;0.3;2.42784;0;47
0.5;-0.1;1.6;0.354;97.5;-99;0;0;1.3392;0;48
0.7;-0.3;2;0.571;97.4;-99;0;1.8;3.65472;14.3;49
0.6;-0.3;1.9;0.504;89.6;-99;0;0.8;2.92896;0;50
-1.2;-2.1;0;0.698;90.5;-99;0;3.6;5.06304;5.6;51
-1.3;-1.9;-0.1;0.684;91.1;-99;0;3.3;4.95072;1;52
-3.2;-8.8;-0.5;0.803;80.9;-99;.9;5.9;6.92928;0;53
-0.5;-2.1;1;0.634;84.1;-99;.2;1.9;4.03488;0.2;54
1.3;0.5;1.7;0.461;96.8;-99;0;0;2.36736;0.5;55
1.7;1.1;2.8;0.531;94;-99;1;0.8;3.2832;0.1;56
1.4;1;1.9;0.345;96;-99;0;0;1.13184;0;57
0.7;-1.4;3;0.873;89.7;-99;.7;5.3;7.30944;0;58
0.5;-1.7;4.3;0.47;98.2;-99;.2;0;2.77344;0.4;59
2.8;0.4;5.6;1.137;86.2;-99;1.6;7.3;9.3744;0;60
1.7;-1.6;4.9;0.866;87.3;-99;1.3;3.9;6.59232;0;61
2.5;-2.9;5.9;1.217;82.8;-99;1.8;7.6;9.91872;0;62
1.2;-3.3;6.8;1.081;88.3;-99;1.1;7.3;9.79776;0;63
4.1;-1.7;11.7;1.552;68.9;-99;1.3;8;10.53216;0;64
4.2;-3.3;11.5;1.422;74.7;-99;1.2;7.2;10.00512;0;65
2.6;1.1;4.8;1.235;74.9;-99;2.8;3.9;7.11936;0;66
1.3;0.1;3.1;1.312;59.8;-99;1.6;3.8;7.1712;0;67
0;-2.2;2.6;0.918;73.3;-99;1.2;2.4;5.93568;3.4;68
-2.8;-3.7;-1.3;0.753;93.9;-99;.7;3.6;7.18848;0.6;69
-3.7;-8.3;-2.3;0.782;86.7;-99;.1;3.5;7.2144;0;70
-5.9;-11.8;1.5;0.945;78.7;-99;.9;7.5;11.12832;0;71
-6.3;-15.3;0.1;1.025;75.9;-99;.7;8.8;12.51936;0;72
-3.4;-7.4;3.8;0.968;84.7;-99;.8;6;9.91872;0.7;73
-4;-8.6;1.3;1.091;85.3;-99;.7;8.1;12.16512;0;74
-2.4;-9.1;2.9;1.296;68.7;-99;1.6;7.7;11.81952;0;75
-0.8;-3.1;1.6;1.169;55.6;-99;0;6;10.30752;0;76
-1.3;-3;0.3;0.716;70.3;-99;.3;0.4;4.77792;3.2;77
-1.4;-1.9;-0.3;0.631;98.4;-99;0;0.1;4.4928;9;78
-0.5;-1.7;2.4;1.006;95.3;-99;.8;4.8;9.47808;0.4;79
-0.9;-3.5;1.3;1.042;93.7;-99;.9;5.4;10.1952;0.8;80
-3.6;-9.4;0.5;1.107;83.8;-99;1.6;7.9;12.95136;0.1;81
-4.3;-7.4;-1.5;1.356;72.5;-99;1.4;10.6;15.93216;0;82
-2.9;-8.9;1.3;1.325;85;-99;1.1;9.8;15.22368;0;83
-1.7;-5.8;1.3;1.473;70.9;-99;1.6;8.7;14.27328;0;84
-1;-3.8;2.4;1.318;80.1;-99;1.6;7.3;12.8736;0;85
-0.7;-4.8;2.6;1.278;82.4;-99;1.6;6.3;12.43296;0;86
0.1;-1.7;2.5;1.465;70.2;-99;1.5;7.3;13.14144;1;87
-0.1;-1.1;1.4;0.834;96.1;-99;.7;1.8;7.15392;0.8;88
-0.4;-2.7;2;0.881;96;-99;.5;2.1;7.59456;0.6;89
-1.9;-8.2;2.3;1.159;85.9;-99;2;6.8;12.95136;0;90
-2.2;-8.4;4.1;1.527;76.7;-99;1.3;9.7;16.6752;0;91
-1.2;-8.9;4.8;1.743;70.2;-99;1.2;10.4;17.60832;0;92
0;-6.5;4.3;1.546;73.5;-99;2.1;8.2;15.19776;0;93
1.3;-2.4;4.6;1.566;81.2;-99;2.3;9;16.3296;0;94
1.1;0.1;2.1;0.626;96.8;-99;1.2;0;5.37408;0;95
2.5;-1.7;6.8;1.896;72.6;-99;1.3;9.7;17.4096;0;96
3.3;0;7.5;1.512;79.9;-99;1.9;5.9;12.93408;0;97
2.5;-0.6;8.1;1.517;77.7;-99;1.3;6.1;13.27104;0;98
3.8;0.8;8.2;2.107;63.7;-99;3.2;7.2;14.84352;0;99
4.8;2.2;7.8;1.099;84.9;-99;2.8;1.1;7.37856;0.6;100
6.2;3.9;9;0.47;98.9;-99;2.3;0;3.13632;2.9;101
8.1;3.5;10.7;0.942;92.2;-99;2.2;0;6.08256;1.3;102
6.7;3.4;8.8;0.439;98.8;-99;2;0;2.4624;4.1;103
10.3;0.3;17.7;2.546;73.8;-99;2.4;8.4;16.9344;0;104
15.3;10.8;22.2;3.256;67.8;-99;3.4;7;15.31872;0.5;105
13.4;10;18.5;1.854;84;-99;1.7;3.3;10.67904;0;106
13;6.8;18.8;2.77;75.2;-99;1.9;7.9;17.35776;0;107
14.8;6.7;20.6;3.667;59.8;-99;3.7;7.2;15.82848;0;108
9.2;4.7;13.4;2.419;70.6;-99;4.1;5.6;13.88448;0;109
6.6;2.5;11.6;2.319;79.6;-99;2;10.4;20.22624;1.4;110
8.2;2.9;14.2;2.876;63.4;-99;2.3;10.3;20.3472;0;111
9.5;2.1;14.8;1.726;72.6;-99;1.4;2.1;9.64224;0;112
9.5;2.1;14.2;2.396;65;-99;3.6;3;10.83456;0;113
12.2;5.5;18.1;3.215;68.9;-99;3;9.8;20.03616;0;114
11.8;7.7;16;2.501;80.3;-99;2.2;7.6;17.15904;0.1;115
9.4;4.8;14.5;0.629;96.8;-99;2.8;0;3.79296;14.9;116
7.1;4.7;10.2;1.876;83.2;-99;2.5;6.2;15.52608;0;117
7.9;3.6;13.3;2.732;70.3;-99;2;10.4;21.34944;0;118
8.9;3.3;14.2;2.181;72.7;-99;3.2;4.3;13.16736;0;119
8.3;2.4;14.4;2.507;69.9;-99;2.9;7.3;17.31456;0;120
8.3;-0.1;15.6;3.023;66.5;-99;1.6;11.9;23.60448;0;121
9.8;4.3;14.3;3.286;50.3;-99;2.7;7.6;17.78112;0;122
9.7;2.4;16.4;3.259;58.1;-99;1.6;11.2;22.77504;0;123
11.5;-0.1;20.9;3.514;61.7;-99;2.1;11.4;23.18112;0;124
12.6;4.3;19.4;3.386;68.1;-99;2;10.6;22.27392;0;125
15.6;9.6;23.2;3.295;67.1;-99;1.7;7.8;18.45504;0;126
16.1;6.2;22.2;4.099;59.2;-99;3;9;20.27808;3.1;127
16.4;12;21.8;2.321;85.5;-99;2.2;4.1;13.4784;0;128
14.5;10.9;22.1;1.701;90.8;-99;1;1.7;10.27296;8.3;129
13.6;9.3;19;2.5;78.6;-99;1.5;5.5;15.60384;0.1;130
12.5;8;16.2;1.757;80.2;-99;1.7;1.1;9.53856;0;131
10.2;5.7;16.2;2.029;83.8;-99;1.7;4.7;14.66208;0.3;132
10;4.1;15.1;2.188;81.2;-99;3.3;5.6;15.984;3.8;133
11.3;6.9;15.3;2.743;72.2;-99;2.5;6.9;17.80704;0;134
17.1;9.7;22.9;4.813;60.8;-99;3.4;12.6;25.9632;0;135
18.9;12.4;25;4.43;65.4;-99;2.4;10.7;23.37984;0;136
20.8;16.6;25.7;4.526;65.8;-99;2.8;9.2;21.34944;0;137
17.8;11.6;25.6;2.521;81.7;-99;2.2;3.5;13.22784;15.9;138
12.3;11;14.1;0.848;96.9;-99;1.3;0;4.7952;0.2;139
13.5;12.2;15.7;1.21;95.5;-99;1.9;0;7.75872;3;140
12.9;12.1;13.8;0.653;97.7;-99;2.6;0;3.5424;3.7;141
10;6.3;12.2;0.847;92;-99;3.7;0;4.22496;22.5;142
9;3.1;14.6;3.005;67;-99;2.2;9.8;22.49856;0;143
11.4;6.1;17.5;3.546;63.6;-99;2;11.2;24.63264;5.1;144
11.4;9.2;14.7;0.914;93.6;-99;2.6;0;5.184;29.1;145
11.6;10.2;13.3;0.83;96.6;-99;3.2;0;5.59872;8.4;146
13.6;8.4;19.9;3.502;74.7;-99;1.8;10.8;24.25248;0;147
12.7;10;15.5;1.447;93.7;-99;2.8;1.2;10.44576;4.3;148
14.1;10.6;18.7;2.457;84;-99;2.3;5.1;16.12224;2.3;149
15.9;11.1;21.1;3.27;82.9;-99;2.7;9.1;21.9456;0;150
15.2;11.2;19.4;3.007;85.9;-99;4.9;9.7;22.79232;0;151
16.6;11.6;21.7;3.384;84.4;-99;3;10;22.96512;1;152
12.6;11.2;15.3;1.629;85.1;-99;4.6;0;8.32032;0;153
12.7;9.8;16.2;3.515;74.7;-99;4.2;12;25.71264;0;154
14.2;6.9;19.4;2.954;76.4;-99;2.6;6.6;18.42048;0;155
14;4.3;21.3;3.977;61.1;-99;1.3;12.4;26.36928;0;156
14.2;4.3;20.7;4.318;59.6;-99;1.4;14.3;28.93536;0;157
15.6;6.2;23.2;4.344;65;-99;1.3;13.9;28.3824;0;158
13.4;6.5;18.1;3.728;80.4;-99;1.9;13.6;28.08864;0;159
12.2;5.8;16.1;2.919;80.7;-99;1.4;8.6;21.33216;0;160
14.1;4.4;20.4;3.657;74.9;-99;1.7;11.5;25.30656;0;161
13.5;7;18.8;2.801;83.6;-99;1.5;7.3;19.62144;0;162
17.4;6;24.7;4.425;60.7;-99;1.7;11.7;25.6176;0.6;163
18.5;12.7;25.2;2.327;83.7;-99;2.6;1.4;11.6208;27.9;164
14.9;10.6;19.1;2.863;77.1;-99;3.3;5;16.61472;0;165
15;8.6;22.4;3.311;77.3;-99;2.5;8.6;21.49632;5.7;166
14.4;9.2;18.8;3.22;75.6;-99;3.1;7.9;20.44224;0.2;167
15.3;7.9;21.2;3.958;75.4;-99;1.6;12.5;26.80128;0;168
18.8;14;25.3;3.87;72.1;-99;1.5;9;22.00608;0;169
22.3;14.8;30;4.634;73.1;-99;2;10.6;24.16608;13.9;170
21.4;17.7;27.7;3.971;84.2;-99;2.1;9.5;22.67136;0.3;171
19.8;16;23.2;2.877;82.8;-99;3.2;3.6;14.73984;0;172
18.4;14.2;22.8;3.301;75;-99;3.1;4.9;16.51104;0.9;173
17.3;11.9;21.2;3.403;77.2;-99;2.4;7.5;19.94112;0.2;174
15.1;10.6;20.5;2.737;82.5;-99;1.6;5.7;17.56512;0.9;175
13.7;10.7;15.1;1.022;92.6;-99;2.2;0;5.19264;15.4;176
13.1;11.3;15.9;2.281;76.7;-99;4.6;0.6;10.56672;0;177
12.8;8.1;18.1;2.443;81.1;-99;2.5;4.7;16.23456;2.8;178
13.1;7.5;17.7;2.282;79.6;-99;2.1;3.1;13.9968;0.7;179
13.5;11.6;16.9;1.506;87.6;-99;3.4;0;8.08704;1.9;180
12.5;9.2;16.2;2.272;80.4;-99;3;3.3;14.256;1.9;181
16.3;12.5;20.8;2.881;82.4;-99;1.9;5.8;17.82432;5.7;182
15.2;12.7;18.9;3.123;76.7;-99;1.5;7.2;19.75968;0;183
18.2;12.7;25.6;2.804;82.3;-99;2;4.2;15.6816;28.3;184
18;15.4;22.4;1.847;93.8;-99;1;0.4;10.54944;1.4;185
17.3;9.9;21.8;2.644;87.2;-99;1.5;4.5;16.12224;0;186
15.3;8.6;20.3;4.112;76.9;-99;1.2;13.6;28.23552;0;187
17.2;9.4;23.8;4.186;75.6;-99;1.1;12.5;26.71488;0;188
17.2;10.2;22.9;4.223;77.4;-99;1.4;12.9;27.22464;0;189
17;8.9;23.1;4.14;72.4;-99;1.2;12.1;26.136;0;190
16.7;12.7;19.6;3.781;72.3;-99;3.7;8.5;21.2976;0;191
17;10.8;21.3;4.402;67.5;-99;3.1;11.7;25.5312;0;192
16.4;10.4;21.2;4.048;77.4;-99;1.8;12.6;26.66304;0;193
17.8;12.4;21;3.611;84;-99;2.9;10.2;23.49216;0;194
16.3;14.5;18.1;2.754;77.8;-99;3.9;3;13.78944;0;195
16.1;11.7;20.1;3.473;78.5;-99;2.6;9.3;22.10976;0;196
17.7;12.4;22.6;3.838;79;-99;1.9;10.6;23.81184;0;197
17.9;10.5;22.7;4.051;79.2;-99;1.8;11.8;25.39296;0;198
19.3;12.7;23.3;4.634;70.9;-99;2.1;12.8;26.63712;0;199
18.7;15.6;21.9;3.057;83.6;-99;3.4;6;17.47872;0;200
18.8;11.2;24.6;4.844;63.5;-99;2.1;13.3;27.18144;0;201
19.3;9.9;26.9;4.678;65.4;-99;1.4;13.1;26.8272;0;202
20.1;9.5;27.3;4.465;66;-99;1.2;11.7;24.84864;0;203
19.6;10.8;25.9;5.008;56.5;-99;1.9;12.9;26.40384;0;204
19.6;7.5;28.2;4.603;54.8;-99;1.3;11.7;24.73632;1.6;205
20.4;15.6;28;3.211;78.5;-99;1.3;5.8;16.91712;0;206
22;13.6;29.3;3.778;70;-99;1;7.6;19.23264;0;207
24;17;31.4;4.622;68.7;-99;1.6;9.9;22.1184;0.7;208
23.6;19.3;30.5;3.99;75.7;-99;2.6;6.8;18.10944;2.4;209
18.8;16.1;21;1.659;90.5;-99;1;0;8.44128;4.5;210
19.2;13.9;24.7;3.343;70.9;-99;2.4;4.9;15.48288;1;211
18;11.8;23.9;3.334;77.1;-99;2.5;7.2;18.34272;0.3;212
19.2;11.1;26.3;2.195;81.3;-99;1.3;1.5;10.57536;0;213
24.8;14.4;32.4;5.353;61.3;-99;1.7;13.2;24.84864;0;214
23.5;17.2;30.6;4.585;70.5;-99;2.9;9.6;20.33856;2.3;215
18.9;13.4;24.2;3.067;73.7;-99;.9;6.6;16.61472;0;216
20.2;10.7;27.2;4.449;67.5;-99;1.9;12.3;23.42304;1.9;217
21.4;17.2;28.6;3.788;76.8;-99;2.5;8.6;18.84384;2.4;218
19.8;15.9;24.9;3.07;77;-99;1.6;6;15.57792;2.4;219
19.2;13.4;23.8;1.932;86;-99;2.4;0.4;8.75232;0.8;220
16.6;10.9;22.2;3.37;69.6;-99;1.7;8.7;18.72288;0;221
16.2;8.4;24.9;2.616;78;-99;1.3;5.5;14.80032;4.8;222
15.3;11.1;19.3;2.509;78.5;-99;2.6;4.5;13.4784;0;223
16;10.9;21.9;2.901;71;-99;2.5;5.1;14.0832;0;224
15;10.3;20.1;3.114;73.1;-99;3.3;7.6;16.96896;0.7;225
15.3;10.8;20.4;3.233;72.5;-99;3.9;7.6;16.92576;0;226
16;7.6;22.8;3.583;64.6;-99;1.6;10.5;20.18304;0;227
20;13.8;26.3;3.498;65.7;-99;1.9;6.6;15.56064;0;228
18.7;11.4;25;2.804;74;-99;.9;6;14.71392;0;229
18.3;14.5;25.8;1.811;86.9;-99;2.2;0.8;8.5104;2.8;230
16.6;11.7;20.5;1.999;81.3;-99;1.3;2.2;10.1088;5.4;231
16.1;9.9;20.6;2.976;77.2;-99;2.1;8.2;16.99488;0.3;232
15.2;8.3;21.8;3;74.2;-99;1.1;9.3;18.144;0;233
17.1;10.6;24.8;2.642;69.2;-99;.8;5.8;14.03136;0;234
16.9;9.7;23.8;3.244;72.8;-99;2;9;17.53056;0;235
16.9;12.2;22.6;3.575;71.9;-99;2.6;10.8;19.45728;0;236
17.9;13.6;23.6;4.048;64.9;-99;2.9;11.1;19.63008;0;237
17;12;22.1;3.845;66.1;-99;2.5;11.5;19.98432;0;238
17.3;12.5;23.2;3.04;70;-99;1.7;7.4;15.24096;0;239
17;9.6;23.3;2.764;77.6;-99;1.6;7.2;14.9472;0;240
15.2;7.7;21.5;2.734;75.3;-99;.9;8.5;16.21728;0;241
16.4;7.6;23.2;2.558;74.1;-99;1.1;6.3;13.67712;0;242
17;13.3;22.2;2.278;77.9;-99;2.6;2.8;9.74592;4.1;243
14.3;10.1;18.2;2.475;73.5;-99;3.3;4.4;10.9728;5.3;244
15;12.4;17.1;0.616;98;-99;5;0;3.48192;25.7;245
16.5;15.1;18.2;1.367;93.8;-99;1.9;1.5;7.46496;0.3;246
16.5;14.1;19.8;2.155;83.9;-99;1;5.4;11.86272;0;247
16.8;11.4;21.6;2.957;80;-99;1.8;10.1;16.95168;0;248
18.4;12.6;24.5;3.96;64;-99;2.9;10.9;17.72064;0;249
18.3;12.2;25.1;3.79;62.2;-99;2.4;10.3;16.89984;0;250
17.5;12.7;23;2.873;68;-99;2.6;5.1;11.04192;15.2;251
12.9;9.1;15;0.557;96.2;-99;3.3;0;1.96992;11.8;252
11.9;8.2;15.8;1.045;93.4;-99;1.7;0.6;5.95296;0.9;253
12.7;10.8;16.8;1.575;87.6;-99;1.9;3.7;9.17568;0;254
13.4;7.6;19.6;2.076;84.6;-99;.9;7.1;12.76992;0;255
13.2;6.8;19.3;2.225;86.4;-99;.9;8.7;14.2992;0;256
14.3;8.1;20.4;2.255;83.2;-99;1;8.1;13.55616;1.8;257
14.3;11.2;18;1.742;82.5;-99;1.9;3.5;8.56224;1.4;258
12.3;8.8;16.9;1.869;80.7;-99;3;4.5;9.55584;1.1;259
9.9;4.7;15.8;1.911;79.8;-99;2.5;6.9;11.87136;1.3;260
8.4;4.4;12.5;0.978;91.8;-99;1;1.2;5.95296;7.7;261
9.5;2.1;15.6;1.275;90.8;-99;.9;3.5;8.22528;7.2;262
10.8;6.1;13.3;0.654;96.7;-99;.7;0;2.96352;0.2;263
12.3;6;16.6;1.535;86;-99;1.1;4.3;8.77824;0;264
14.7;11.2;17.3;1.242;90.1;-99;3.4;1.1;5.58144;0.3;265
15.3;14.2;16.6;1.056;91;-99;5;0;3.43008;0.4;266
12.4;4.5;15.6;1.234;88.8;-99;1.8;2.1;6.36768;0;267
8.8;2.4;14;1.231;87.2;-99;1;3.5;7.59456;10.6;268
9.7;5.2;14.1;1.64;83.1;-99;1.8;6.4;10.25568;1.8;269
9;3.6;14.8;1.124;90.6;-99;1.4;3.1;7.00704;2.3;270
8.1;2.3;15.8;1.444;84.1;-99;.8;6;9.59904;0;271
8.8;1.1;15;1.752;79.8;-99;1.5;8;11.35296;0;272
9.3;5.3;14.5;1.865;78.6;-99;2.1;8.4;11.56032;0;273
9.3;4.5;14.3;1.949;75.9;-99;1.8;9.3;11.97504;0;274
8.5;4.1;12.7;1.868;75.2;-99;1.9;8.3;11.43072;0;275
6.8;2.2;11.8;2.054;68;-99;3.2;8.9;11.35296;0;276
8.7;3.1;12.7;2.478;59.2;-99;3.7;6.8;9.38304;0;277
11;9;12.7;0.964;83.8;-99;1.6;0;3.1968;0.2;278
13;8.3;16.2;1.679;86.2;-99;1.4;7.4;9.58176;0;279
11.5;6.3;17.4;1.503;85.2;-99;1;6.4;8.65728;0;280
10.4;3.1;17.6;1.055;89.9;-99;.9;3;5.72832;0;281
13.4;10.9;16.7;1.097;90.8;-99;2.9;2.2;5.0112;0.3;282
10.2;9.1;12.2;0.623;93.9;-99;1.4;0;2.40192;1.1;283
13.4;11.5;15.7;1.257;89.5;-99;4.4;3.3;5.73696;0;284
12.6;11.3;13.8;0.743;92.6;-99;4.4;0;2.0304;10.4;285
9.6;3.3;12.4;0.746;94.3;-99;1.4;1;3.76704;0;286
9.1;1.9;14.7;1.375;85.7;-99;1.6;7.1;8.39808;0;287
9.6;7.2;12.2;0.496;97.2;-99;1.5;0;1.95264;9.1;288
9.6;5.8;14.3;0.938;94;-99;1;3.5;5.41728;0.2;289
10.6;6.5;12.8;0.643;94.7;-99;4.7;0;2.70432;8.5;290
7.5;-0.6;11.7;1.518;75.8;-99;3.4;5.1;6.46272;0;291
5.7;-1.2;9.6;0.778;88.9;-99;1.8;1.9;4.0176;3.1;292
13.5;7.9;16.6;0.973;93.4;-99;1.9;3;4.72608;10.3;293
13.1;10.9;15.1;0.99;92.2;-99;2.3;3;4.63104;0;294
15.3;11.2;19.3;1.657;83.5;-99;2.5;6.4;6.93792;0;295
15.8;13.7;18.4;1.358;83.4;-99;3.4;0.9;3.03264;0;296
11.3;5.9;15.1;1.649;78.9;-99;3;6.6;6.912;0;297
9;1.5;14.2;0.86;90;-99;1.7;2.6;4.08672;1.3;298
14.8;13;18.2;1.116;92.5;-99;3.6;4.5;5.30496;0;299
14.2;11.7;18.2;1.465;83.9;-99;4.5;2.9;4.11264;0;300
13.4;11.6;17.5;2.027;76.1;-99;8;0;1.61568;3.1;301
10.5;7.3;12.3;1.228;83.5;-99;5.6;0.4;2.42784;0.9;302
8.3;5.7;11.3;0.908;89.6;-99;4;3.4;4.22496;0;303
7.4;2.7;11.7;1.192;82.7;-99;3.4;5.3;5.36544;2.5;304
9.6;7;12.4;0.896;89.4;-99;4.1;2.3;3.27456;0.3;305
8.4;7.3;9.4;0.385;97.5;-99;1.4;0;1.0368;9.8;306
9;5.6;11.2;0.882;87.6;-99;4.2;1;2.31552;1.9;307
7.3;4.9;11.2;0.462;93.6;-99;4.5;0;.54432;12.4;308
6.7;3.4;10.4;0.825;91;-99;4.6;5;4.63104;3.6;309
5.9;3.7;9.7;0.589;92.4;-99;2.8;1.4;2.44512;7.4;310
7.6;5.6;11;0.586;95.7;-99;2;2.4;2.9808;2.1;311
7.3;5.7;10.1;0.676;95.8;-99;1.3;4;3.81888;0.9;312
7.9;4.5;10.2;0.973;85.4;-99;5.7;0.6;1.88352;2.9;313
5.9;4.2;7.6;0.454;93.8;-99;3.4;0;1.11456;7.7;314
6;2.5;9.7;0.711;87.7;-99;1.6;2.6;2.90304;0;315
5.6;3.3;7;0.694;87.2;-99;3.3;0.3;1.63296;0.6;316
6.3;3.5;9.9;0.749;92;-99;2.1;5.2;4.19904;0;317
4;0.7;7.4;0.524;94.9;-99;1.5;2.7;2.82528;0;318
0.8;-2.6;3;0.307;99.4;-99;1.9;1;1.87488;0;319
6.5;2.9;8.5;0.326;97.1;-99;3.1;0;.71712;0;320
6.8;1.8;10.8;0.521;95.5;-99;1.7;2;2.31552;0;321
5.6;2.4;6.8;0.363;95.7;-99;2.4;0;.80352;0;322
5.2;4.1;6;0.409;94.2;-99;2.8;0;.92448;0.6;323
4.9;3.2;6.4;0.391;95;-99;2;0;1.07136;1.3;324
2.6;-1.3;6.9;0.58;91.6;-99;.6;4.2;3.25728;0;325
5;2.3;6.4;0.409;92.6;-99;2.3;0;.5184;0;326
4.5;-0.6;7.6;0.485;92.6;-99;1.6;1.2;1.74528;0.1;327
4.2;1.5;6.7;1.172;73.3;-99;3.8;2.8;2.44512;0;328
2.8;0.2;5.8;1.113;70.6;-99;2.9;4.2;3.05856;0;329
0.6;-2.8;5.9;0.571;81.3;-99;.6;3.8;2.82528;0;330
3.7;-2.5;8.6;0.26;97.9;-99;3.4;0;.648;0.9;331
7.6;5.3;8.7;1.306;79.5;-99;6;3.5;2.6352;0;332
4.3;1;5.6;0.362;94.6;-99;3.5;0;.54432;8.5;333
4.6;3.4;6;0.395;93.8;-99;2.5;0;.76032;0;334
6.3;2.1;9.3;0.673;88.4;-99;4.2;0.3;1.08;0;335
0.8;-2.5;4.8;0.43;97.6;-99;.6;3.7;2.43648;0;336
1;-0.1;2.3;0.291;99.5;-99;0;0;.61344;0;337
3.9;1.9;6.3;0.282;96.3;-99;2.7;0;.216;1.5;338
3;0.4;4.5;0.562;89.5;-99;6.9;0;.4752;4.8;339
3;0.2;4.4;1.341;69.4;-99;5.8;0.6;1.13184;0;340
1.2;-3.9;2.6;1.16;57.2;-99;2.4;1.8;1.58976;0.3;341
3.1;-3.1;8.9;0.202;99;-99;3.5;0;.36288;12.7;342
8.8;8.1;9.2;0.285;98.7;-99;2.7;0;.49248;6.5;343
8.5;5.8;9.4;0.276;98.7;-99;1.8;0;.25056;1.1;344
4.8;2.8;6;0.321;97.3;-99;.8;0;.65664;0;345
2.4;1.5;3.6;0.304;98.6;-99;.8;0.1;.89856;0;346
3.3;1.9;4.7;0.272;99;-99;.4;0;.3456;0.8;347
2.4;0;5.3;0.277;98.8;-99;1.7;0.3;.9504;0.3;348
5.6;3;7.7;0.31;95.9;-99;2.4;0;.19872;3.1;349
6.4;3.8;8.6;0.878;82.9;-99;4;0.8;1.14912;0;350
5.6;0.1;8.3;0.565;87;-99;2.1;0;.76032;0;351
4.2;0.1;5.9;0.42;93;-99;1.8;0.6;1.08;0;352
5.1;2.8;6.8;0.455;91.7;-99;3.1;0;.50112;0.6;353
3.8;1.1;5.3;0.279;98.1;-99;2.5;0;.79488;0;354
5.3;3.6;6.5;1.181;76.8;-99;6.3;0;.3024;0.7;355
6.9;4.7;9.1;1.14;80;-99;6;0.2;.91584;0.9;356
5.4;3.4;7.9;0.616;90.4;-99;4;2.6;1.80576;0;357
10.6;7.8;12.2;2.718;60.6;-99;7.7;0.3;.95904;0;358
8.8;3.7;11.4;1.212;76.4;-99;3.7;1;1.2096;0;359
3.9;-1.1;6.3;0.284;98.8;-99;1;0;.59616;0.7;360
6;2.3;7.5;1.054;80.8;-99;4.9;3.1;1.99584;0;361
6.1;2.1;9.1;0.533;88.9;-99;2.7;0;.37152;1.2;362
4.9;2.4;6.9;0.336;96.2;-99;2.7;0;.74304;2;363
3.7;1;5.8;0.52;91.9;-99;3.5;2.7;1.89216;0;364
2.4;0.1;5.2;0.631;85.3;-99;2.5;2.7;1.9008;0;365
