tavg;tmin;tmax;ET0;relhumid;vapp14;wind;sundu;globrad;precip;jday
C_deg;C_deg;C_deg;mm;%;mm_Hg;m/s;hours;J cm-2 d-1;mm;
63;2;-----;-----;-----;-----;-----;-----;------;-- -;-
4;2.9;5;0.289;100;-99;.3;0;.45792;3.83;1
2;-1.3;4.1;0.473;92.5;-99;1.1;3.2;2.22912;0.1;2
4.1;0.3;7.2;0.27;99;-99;1.3;0;.54432;10.57;3
2.9;-0.8;5.4;0.873;79.7;-99;4.5;0.3;1.10592;2.83;4
-3.5;-7.4;-0.5;0.643;71.7;-99;1.7;3.5;2.39328;0;5
-6.9;-10.8;-1.5;0.37;88.2;-99;.1;4.3;2.75616;0;6
-2.9;-6.2;1.8;0.26;93.9;-99;.6;0;.4752;2.57;7
0.5;-0.3;2.2;0.34;99.9;-99;.2;0.7;1.32192;0;8
0.2;-1.5;2;0.464;94.9;-99;.7;4.2;2.79072;0;9
-0.6;-2.2;1;0.502;90.8;-99;.8;3.9;2.70432;0;10
0.3;-1.6;3.6;0.241;98.1;-99;1.6;0;.57024;5;11
2.3;0.7;3.7;0.466;93.5;-99;1.9;2.7;2.2464;2.17;12
0.8;-1.9;2.1;0.333;100;-99;0;0;1.08;5;13
0.4;-2.1;2.8;0.429;94.2;-99;.4;2.5;2.18592;4.5;14
0.2;-3;1.8;0.301;92.5;-99;0;0;.76896;0;15
-1.9;-4.9;1.3;0.457;94.1;-99;.8;3.8;2.8512;0;16
-1.5;-5.7;1.6;0.508;93.6;-99;.1;4.2;3.05856;0;17
-1;-2.2;0.2;0.41;95.3;-99;.2;1.6;1.93536;0;18
-0.1;-1.1;1.1;0.36;92.3;-99;0;0;1.17504;0;19
2.1;0.8;3.8;0.336;100;-99;.2;0;1.08;1.07;20
2.3;1.1;3.8;0.33;100;-99;.1;0;.93312;0;21
0.6;-1.5;2;0.323;99.4;-99;0;0;1.00224;0;22
-0.3;-1.6;0.8;0.294;100;-99;0;0;.57024;0;23
0.8;0.1;1.5;0.301;100;-99;0;0;.74304;0;24
0.3;-1.4;1.1;0.358;100;-99;0;0.1;1.41696;0;25
0.3;-1.5;2.9;0.512;93.8;-99;.6;3.7;3.23136;0;26
-0.9;-2.6;2.2;0.701;82.2;-99;1;5.7;4.32864;0;27
-1.8;-4.5;1.8;0.64;85.7;-99;.7;5.8;4.4064;0;28
1;-4.8;4.9;0.482;92.1;-99;.4;2.2;2.58336;0.6;29
1.1;0.3;2.1;0.295;99.5;-99;.1;0;.69984;11.37;30
0.7;0.2;1.7;0.43;98.2;-99;0;1.1;2.12544;0;31
0.1;-0.4;0.7;0.391;97.2;-99;.1;0.4;1.84896;0;32
-1;-3.2;0.3;0.613;93.8;-99;.5;4.6;4.32864;0;33
0.7;-0.6;1.5;0.381;100;-99;0;0;1.60704;2;34
2;0.5;2.9;0.391;100;-99;0;0;1.52928;0;35
0.7;-0.4;1.9;0.338;100;-99;0;0;1.14912;0.4;36
0.8;0;2.3;0.472;93.9;-99;.4;1.3;2.61792;0.4;37
-1.1;-2.6;0.8;0.32;87.2;-99;0;0;.88992;0.2;38
-3.8;-4.4;-2.6;0.328;76.8;-99;.2;0;1.05408;0;39
-4.3;-6;-2.6;0.589;78.8;-99;.4;4.1;4.51872;0;40
-3.7;-6.2;-1.5;0.536;82.4;-99;.6;2.5;3.60288;0;41
-1.8;-3.1;-0.1;0.698;57.2;-99;.6;1.6;3.09312;0;42
-1.7;-3.4;0;0.545;78.1;-99;.5;1.1;2.79936;0;43
-4.5;-6.9;-1.3;0.605;92.1;-99;1.4;6.2;6.27264;0;44
-2.7;-6.2;3.2;0.721;89.7;-99;.4;5.8;6.0912;0;45
1.1;-5.2;8.6;1.007;74.3;-99;.7;7.4;7.26624;0;46
3.5;-2.6;10.1;0.924;89.5;-99;1.3;6.5;6.79968;0.1;47
4;2.9;5.2;0.371;99.1;-99;0;0;1.08864;1.6;48
3.3;2.2;4.2;0.44;95.6;-99;.1;0;1.84032;0;49
4;2.5;5.6;0.433;94.9;-99;.5;0;1.69344;2.27;50
7.1;4.8;9.4;0.341;97.4;-99;2.8;0;.9072;3.07;51
6.2;2.1;8.4;1.087;82.2;-99;3.1;3.1;4.76928;5.33;52
6.5;3.4;9.3;0.902;86.3;-99;3.7;1.3;3.51648;4.87;53
5.6;3.6;8.1;0.761;87.9;-99;4.4;0;2.44512;10.07;54
2.5;0;5.2;1.064;84.3;-99;4.1;6.9;7.96608;0;55
2.8;0.4;5.2;0.698;94.6;-99;2.9;4.5;6.18624;8.77;56
6.5;4;8.1;0.278;99.4;-99;4.2;0;1.4256;0.5;57
9.5;7.3;12.7;1.621;75.2;-99;3.7;3.3;5.40864;0;58
6.8;1.3;9.7;1.66;69.7;-99;4.4;2;4.46688;0.8;59
3.5;0;6.8;0.75;90.9;-99;3.3;2.4;5.2272;1.87;60
3.7;0.5;6.8;0.694;93.4;-99;2.2;2;4.98528;4.97;61
5.3;2;9.8;1.34;82.8;-99;2.8;6.9;9.35712;0.4;62
7.4;3.1;11.9;1.424;75;-99;1.6;4.7;7.53408;0;63
6.8;4.5;9.9;0.83;90.6;-99;2.2;1.3;4.64832;6.7;64
3.9;1.8;6.1;0.436;97;-99;3.4;0;2.94624;0;65
1.2;0.3;2;0.522;88.9;-99;1.3;0;2.5056;0;66
3.7;0.3;7.8;1.013;86.7;-99;2.3;4.1;7.3872;3.5;67
5.4;3.6;8.5;0.654;96.5;-99;1.7;0.8;4.50144;0.1;68
5.7;4;8.1;0.983;90.2;-99;2.9;3.5;7.06752;0.4;69
4.4;0.4;8.6;0.873;89.4;-99;1;2.1;5.86656;0;70
1.8;-2.3;6.9;0.996;88.3;-99;2;5.1;8.79552;0;71
2.4;-1.2;7.3;1.046;83.6;-99;1.2;4.1;8.00064;0;72
6.6;-1.8;11.7;1.023;90.1;-99;2.5;3;7.00704;0;73
7.6;4.3;11;2.156;73.4;-99;3.4;10.1;14.07456;0;74
7.4;3.5;13.2;1.392;82.7;-99;2.1;4.6;8.75232;0;75
6.4;3.8;8.8;1.232;82.9;-99;3.6;2.5;6.77376;5.57;76
4.9;2.8;7.8;0.946;88;-99;5.5;1.6;6.0048;2.2;77
2.8;-1.1;8.2;0.571;95.9;-99;1.3;0;3.95712;14.57;78
9.3;7.4;11.1;0.633;97.2;-99;3.4;0;4.15584;7.57;79
7.5;2.9;12.1;1.936;76.4;-99;3.2;7.9;12.75264;0.1;80
5.5;-0.4;12.4;2.08;70.1;-99;1.7;10.5;15.70752;0;81
5.2;0.9;9.1;1.233;68.9;-99;2;0;4.41504;0;82
4.8;-0.1;10.8;1.987;75.9;-99;1.6;11.1;16.61472;0;83
5.7;1.6;9.1;1.206;88.7;-99;2.7;4.4;9.58176;0;84
4.8;-2.2;12.7;1.932;82;-99;.8;10.8;16.61472;0;85
7;-1.2;16.1;2.201;79;-99;1;11.4;17.48736;0;86
8.7;-0.1;19;2.339;74.9;-99;.8;10.9;17.08128;0;87
8.8;2.9;12.5;0.932;88.3;-99;2.4;0;4.34592;0.6;88
11.4;7.3;17.8;1.162;91.7;-99;1.5;1.4;6.79104;0.2;89
14.2;6.6;20.9;2.54;74.7;-99;1.7;7.8;14.10048;0;90
12.4;7.1;17.7;2.437;79.2;-99;1.2;8.9;15.70752;4.2;91
11.2;7.8;15.2;1.589;87.3;-99;1.8;3.9;10.03104;1.4;92
7.9;1.4;11.7;1.544;85.7;-99;1.9;4.8;11.17152;0;93
7.5;0;14.9;2.015;78.7;-99;.8;8.1;15.23232;0;94
7.5;4;11.5;1.624;80.2;-99;3.5;3.8;10.22976;0.1;95
7.7;4.7;11;2.379;75.7;-99;4.3;10.5;18.36;0.8;96
8.7;7.5;11.1;0.646;95.3;-99;4.6;0;3.90528;0.8;97
8.6;6.7;11.1;1.199;86.9;-99;3;0.9;6.98112;0;98
10.9;4.3;17.6;2.9;73.8;-99;1.4;11.8;20.45088;0;99
9.6;6.8;14.2;2.304;74.5;-99;3.9;6.5;14.03136;3.93;100
6.9;3.5;10.1;2.418;72.2;-99;4.9;9.7;18.10944;5.5;101
7.7;5;9.1;0.638;97.1;-99;2.5;0;4.32864;8.53;102
7.7;5.7;10.8;1.777;81.1;-99;3.3;5.1;12.70944;0.53;103
7.5;4.9;11.9;1.279;86.6;-99;2.3;1.9;8.67456;4.97;104
7.2;4.9;10.5;1.29;85.8;-99;3.4;1.8;8.64;8.23;105
4.4;0.4;9.1;1.471;83.2;-99;1.4;4.5;12.25152;5.53;106
4.4;1.7;7;1.041;90;-99;1.7;1.5;8.3808;2.13;107
3.2;-0.9;6.3;1.765;74.2;-99;3.8;6.3;14.74848;0;108
1.9;-2.9;6.3;1.84;74.3;-99;2.2;8.7;17.98848;0;109
4.2;-3.7;10.5;1.771;70.8;-99;1.3;5.6;13.98816;0.2;110
9.3;6;13.8;1.379;84.9;-99;3.5;0.8;7.81056;1.4;111
6.9;4.4;10.2;2.435;68.7;-99;5;7;16.03584;0;112
6.6;4.3;9.7;2.514;68.2;-99;4.4;8.4;18.07488;0;113
6.3;1.1;12;1.25;83;-99;3.6;0.3;7.3872;3.43;114
4;0.2;7;1.522;86;-99;1.6;5.2;13.98816;0.9;115
4.2;-1.5;10.4;2.008;78.6;-99;1.3;8.4;18.4032;0;116
4.9;-1.7;10.9;2.098;73.2;-99;1.3;8;17.89344;0;117
7.6;1.1;13.6;2.232;68.9;-99;1.6;6.3;15.73344;1.4;118
6.7;3;10.8;2.33;76.8;-99;1.4;9;19.47456;0;119
7.3;-0.4;12.7;3.125;69.4;-99;2.4;14.4;26.90496;0;120
9.1;3.9;14.7;3.294;66.1;-99;3.6;12.6;24.47712;0;121
9.2;6.1;12.7;2.492;71.9;-99;3.7;6.4;16.1568;3.77;122
9.9;6.8;14.6;3.199;69.2;-99;3.6;11.5;23.30208;0;123
7.6;6.3;9.9;1.331;83.2;-99;4.4;0;7.27488;8.4;124
7.9;6.4;10.5;0.675;98.4;-99;2.3;0;5.10624;4.83;125
10.1;7;14.1;1.324;91.6;-99;.4;0.7;8.5968;0;126
10.9;4.8;17.2;3.107;74.9;-99;.9;11.1;23.12064;1.07;127
7.2;2.1;10;1.285;88.6;-99;2.6;1.5;9.84096;0.4;128
7.9;2.5;11.5;3.344;57.5;-99;1.5;13.3;26.37792;3.6;129
7.4;4.8;11.1;1.32;91.3;-99;1.5;1.8;10.37664;2.57;130
9.5;3.3;15.2;2.951;76.2;-99;1.2;11;23.29344;0;131
11.2;6.5;16.8;2.604;77.3;-99;2.6;7.2;18.06624;0;132
14.3;9.4;18.8;2.364;83.7;-99;1;4.9;14.95584;5.37;133
14.3;7.4;19.9;3.369;81.2;-99;1;10.6;23.09472;0;134
12.7;7.8;17.3;2.42;84.8;-99;1.4;6.1;16.7616;1.37;135
11.6;6.8;15.1;1.191;97.2;-99;1;0;7.89696;7.93;136
18.6;12.6;24.5;4.132;74.3;-99;2.1;11.1;24.02784;0;137
20.2;14.8;27.3;5.224;66.1;-99;2.7;14.1;28.28736;0;138
19.7;12.7;27.2;4.69;73.8;-99;1.4;13.5;27.61344;0;139
13.7;7.2;17.6;2.958;80;-99;3;8.3;20.1744;0;140
13.5;5.6;19.4;4.222;67.5;-99;1.6;15;29.82528;0;141
14.5;6.8;21;3.637;66.5;-99;1;10.7;23.78592;0;142
15.6;7.4;24.4;3.663;73.7;-99;1.6;10.4;23.38848;8.67;143
12.8;11.1;16.2;2.084;79.1;-99;3.8;1.4;10.59264;0;144
14;10.2;18.5;3.099;79.1;-99;3;8.6;21.00384;0;145
15.4;9.5;20.3;3.6;84.6;-99;2.4;12;25.92;0;146
18.7;7.3;25.7;5.214;64.1;-99;1.7;15.6;31.22496;0;147
20.2;11.6;27.2;5.166;64.6;-99;2.4;13.3;27.92448;0;148
16.1;8.8;22.5;2.969;86.4;-99;1.4;7.4;19.36224;0;149
17.6;13.6;24.4;2.4;91.4;-99;2.3;4.5;15.28416;11.53;150
15.3;11.1;18.5;3.931;73.4;-99;3.8;11.5;25.47936;0;151
13.7;7.7;18.4;4.029;72.3;-99;2.7;14.3;28.76256;0;152
14.9;3.9;21.3;4.583;67.5;-99;1.4;16.4;31.57056;0;153
15.5;10.2;19.5;2.254;82.2;-99;1.5;2.6;13.02912;0.8;154
14.9;9.8;17.8;1.745;91.3;-99;2.4;1.1;11.1456;9.9;155
15;7.8;20;3.918;70.6;-99;1.5;12.1;25.92;0;156
16.2;11.1;23.7;3.29;84.8;-99;2.1;9.3;22.14432;24.1;157
13.1;11.2;16.9;2.405;84.9;-99;4.2;5.7;17.38368;2.8;158
14.6;10.4;18.6;3.004;82.9;-99;3.4;8.4;21.0816;1.3;159
17.8;12.2;25.1;3.858;77.8;-99;2.4;10.3;23.5872;5.23;160
16.2;11.9;21.2;3.618;79.1;-99;1.4;10.2;23.52672;0;161
20.2;15.1;26.1;4.857;72.7;-99;2.6;13.2;27.61344;7.87;162
16.6;13.9;19.3;3.372;76.9;-99;3.2;7.5;19.84608;1.5;163
15.1;13;17.9;3.152;77.1;-99;4.5;6.8;18.9216;0;164
15.1;10.5;19.2;3.494;82.5;-99;2.5;11.1;24.84;0;165
18.1;9.2;24.4;4.468;73.4;-99;1.2;13.3;27.81216;3.93;166
16;10.6;18.6;3.223;78.7;-99;4.2;7.2;19.56096;10.93;167
15.8;11.9;19.8;3.978;77;-99;3.8;12.8;27.10368;0;168
17.6;10;23.8;3.596;85.3;-99;1.3;9.7;22.99968;0;169
21;12.3;28.4;4.937;77;-99;.7;14;28.82304;0;170
17.5;13;20.2;4.311;76.7;-99;2.7;13.2;27.65664;0;171
14.7;10.8;17.9;3.562;74.6;-99;2.1;10.2;23.59584;0;172
17.5;11.1;22.8;2.637;86.8;-99;1.3;4.4;15.84576;58.67;173
16.7;14;19.6;1.159;93.9;-99;2.5;0;5.97024;1.3;174
16.2;13.7;18.9;1.486;92.3;-99;3.2;0;8.62272;2.23;175
15.6;11.7;19.6;2.378;86;-99;2.5;3.8;14.904;8.5;176
14.9;9.8;19.3;3.42;76.6;-99;2.6;9.3;22.43808;0;177
13.8;7.9;19.9;3.567;77.4;-99;1.4;11.4;25.24608;0;178
17.5;12.1;22.4;4.179;79.6;-99;2.8;13;27.44928;20.53;179
16.8;14.6;20.4;0.942;99.9;-99;2.3;0;5.98752;12.73;180
14.8;13.8;15.5;0.607;100;-99;3.4;0;4.05216;37.07;181
14.4;12.6;16.1;0.936;100;-99;2.2;0;6.48864;3.77;182
15.2;12.7;18.7;2.248;85.3;-99;3;2.7;13.68576;1.2;183
15.4;9.2;21;3.479;79.5;-99;3;10;23.4576;7.83;184
14.6;11;18.2;2.975;77;-99;2.6;6.3;18.4464;0.9;185
14.7;9.4;19.1;3.873;78.4;-99;1.6;12.8;27.23328;0;186
16.8;8.1;23.4;4.334;71.5;-99;.9;13.4;28.00224;0;187
17.9;14.1;25.1;2.505;90.7;-99;.9;3.7;14.95584;1.87;188
17.8;13.6;22.7;3.465;83.6;-99;2.1;8.8;21.79872;0;189
15.5;10.3;20.6;4.56;71.1;-99;1.3;15.8;31.12128;0;190
14.8;11.8;20.3;1.748;88.2;-99;1.5;0.3;10.25568;5.53;191
15.9;11.1;23.1;2.323;94.6;-99;1.3;4.2;15.51744;11.47;192
14.5;11.8;16.6;1.08;97.5;-99;1.5;0;6.54048;11.43;193
14.7;9.6;18.4;3.686;72.7;-99;3.5;10.2;23.49216;0;194
15;8;22.1;4.175;70.5;-99;.7;14;28.48608;0;195
16.4;8.1;23;3.908;69.2;-99;.7;11.4;24.9696;0;196
15.4;9.3;18.9;1.428;94.4;-99;2.1;0;8.83008;0.7;197
16;9.3;20.6;3.942;74.5;-99;1.7;11.9;25.55712;0;198
15.1;9.2;19.8;2.893;80;-99;1.2;6.6;18.42912;0;199
17.1;7.6;24.7;4.488;76;-99;1.9;14.8;29.28096;0.6;200
19.7;15.9;25.2;2.906;89.1;-99;1.4;5.5;16.83936;21.87;201
18.1;12.5;22;3.302;83.8;-99;1.6;8;20.0448;0;202
17.8;13.3;23.4;1.909;93.3;-99;1.9;1.5;11.41344;0.8;203
17.9;12.7;23.1;2.078;93.5;-99;1.9;2.5;12.75264;0.2;204
17;11.1;23.6;2.804;82.1;-99;1;5.6;16.69248;0.1;205
15.7;14.2;17.1;0.66;99.8;-99;3.3;0;4.2336;41.13;206
15.9;12.6;17.8;1.455;95.6;-99;2.7;0.2;9.5472;1.13;207
16.6;11.9;22.2;2.302;89.8;-99;1;3.6;13.96224;7.37;208
16;11.7;21.6;2.851;87.3;-99;1.3;7.1;18.4464;4.47;209
16.2;12.7;20.4;1.438;97.3;-99;2.3;0.3;9.5472;3.6;210
20.5;14.8;28.4;3.599;83.9;-99;2.3;8.7;20.41632;5.87;211
19.2;12.7;25.8;4.076;73.8;-99;1.1;11.3;23.62176;0;212
19.8;15.4;26.3;2.809;85.6;-99;.9;5.5;15.48288;2.93;213
19;14.6;24.6;3.834;76.2;-99;1.4;10.9;22.04064;4.4;214
18.6;14.1;25.8;2.406;90.2;-99;2.2;4.6;14.18688;1.3;215
17.8;12.7;22.2;3.182;74.7;-99;3.1;5.9;15.66432;0.2;216
17.4;12.7;21.6;3.182;72.7;-99;2.1;6.7;16.61472;0;217
15.8;10.6;20.8;3.478;72.4;-99;2.2;10;20.55456;0;218
17;7;23.8;3.967;64.1;-99;1.3;12.2;23.1552;0;219
19.5;13.3;24.2;4.375;59.9;-99;2.3;10.3;20.65824;0;220
19;11.6;24.2;3.967;72.9;-99;1.9;10.6;21.93696;0;221
16.6;10.5;22.4;3.71;79;-99;1.3;12.8;23.5008;0.1;222
16.7;12.7;19.9;0.958;96.2;-99;2.5;0;4.93344;3.4;223
15.8;14;19.5;1.351;94.1;-99;2.8;0;8.0352;1.47;224
15.5;9.5;20.4;3.131;78.3;-99;1.9;9.6;19.36224;0;225
15.7;6.4;22.9;3.395;71.3;-99;1;11;20.8656;0;226
20;12.7;26.3;4.421;69.2;-99;2.4;12.8;22.92192;7.5;227
17.7;11.6;22.3;2.766;85.8;-99;1.6;7.3;16.27776;0;228
18.2;10.8;24.1;2.851;83.4;-99;1.9;7.2;16.06176;6.43;229
18.4;16.3;22.1;1.545;95.3;-99;1.8;0.9;8.65728;5.47;230
15.7;11.5;19.7;2.548;84.2;-99;2.2;6.8;15.4656;2.07;231
14;9.6;21.2;2.319;88.3;-99;2.3;7.3;15.88032;0;232
14.7;11.4;18.6;2.002;86.7;-99;3;3.9;11.89728;3.4;233
14.3;9.8;17.5;2.198;77.7;-99;1.8;3.8;11.73312;1.47;234
14.4;8.1;21.2;3.119;79.2;-99;.9;11.5;20.36448;0;235
15.4;6.6;22.1;2.669;77.3;-99;1.7;7;15.14592;0;236
15.6;9.8;21.9;2.524;81.4;-99;1.5;6.8;14.74848;7.5;237
16.4;7.2;23.6;2.893;78.6;-99;.6;9.1;17.27136;0;238
16.7;11.2;20.3;3.147;83.1;-99;2.1;11.2;19.45728;6.43;239
15.7;9.9;22.4;3.043;80.6;-99;.7;10.8;18.89568;5.47;240
18.1;8.1;25.8;3.744;73.3;-99;1.5;13;21.17664;2.07;241
21.9;13.7;28.9;3.881;69.1;-99;1.7;10.3;18.06624;0;242
17.6;11.1;22.3;1.659;89.8;-99;2.1;1.5;8.3808;0;243
14.1;9.3;19.5;2.413;81.9;-99;1.1;7.8;14.91264;0;244
12.8;6.3;19.3;2.15;80.5;-99;1.2;6.4;13.18464;0;245
12.3;4.8;19.5;2.538;80.2;-99;1;9.8;16.94304;0;246
13.3;6.4;19.5;2.869;77.2;-99;2;11.2;18.35136;0;247
15;6.6;21.7;2.866;75.8;-99;.9;10.4;17.3664;1;248
15.7;13.7;20.1;0.966;95.2;-99;1.9;0;4.73472;22.57;249
14.2;11.2;17.7;1.335;89.9;-99;2.9;1.2;6.79968;1.33;250
13.6;11.8;14.6;0.502;99.5;-99;4;0;3.07584;3.57;251
14.5;12;17.6;0.993;94.6;-99;3.2;0;5.28768;3.67;252
14;9.7;19.1;2.417;84.4;-99;1.9;9.2;15.336;0;253
13.9;11.6;16.6;1.588;87.5;-99;3.8;2.8;8.25984;0.7;254
13.2;10.5;17.4;1.4;88.1;-99;3.4;1.2;7.0416;1.77;255
12.3;8.9;17.3;1.625;84.7;-99;5.5;2.3;7.56;2.47;256
12.8;10.2;17.4;2.519;77.6;-99;4.5;8.5;14.00544;0.5;257
12.8;8;17.6;2.275;82.2;-99;3.1;8.8;14.10048;0;258
11.3;6.1;17.1;2.297;83.9;-99;1.7;10.7;16.01856;1;259
11.9;6;19.4;2.383;81;-99;.7;10.7;15.80256;0;260
10.6;3.5;17.6;1.915;86.1;-99;.7;8;12.93408;0;261
11;5.8;17.4;1.957;84.9;-99;1.1;8.3;13.02912;0.3;262
12.1;9.1;15.4;0.949;96;-99;1.9;1.1;5.6592;1.9;263
13.3;9.8;17.6;1.393;90.9;-99;.5;3.3;7.8624;0;264
10.7;5.2;18;1.958;88.6;-99;.7;9.1;13.4352;0;265
11;2.5;17.6;1.591;90.5;-99;1.1;6.2;10.48896;0;266
15.6;13.2;19.6;1.691;92.6;-99;2.2;6;10.17792;1.87;267
14.8;12.7;18.3;1.545;91.5;-99;2;4.8;8.89056;0;268
14.3;12.7;17.2;1.005;94.4;-99;1.9;1;5.12352;4.7;269
15.2;12.4;19.7;1.704;87.2;-99;2.3;5;8.83872;0.7;270
13.6;11.8;17.1;1.549;85.7;-99;2.4;3.9;7.67232;0.6;271
14.6;11.2;19.5;2.12;81.1;-99;2.3;7.6;11.016;0.1;272
13.3;8.3;18.7;2.276;74.5;-99;2.7;7.5;10.79136;0.3;273
12.5;10.1;16.3;1.137;89.5;-99;1.1;2.4;5.77152;1.9;274
12.3;9.9;14.6;0.53;96.7;-99;3.9;0;2.04768;7.47;275
12.6;10.1;16.7;1.814;87;-99;3;8.8;11.22336;0;276
11.1;9.6;12.7;0.714;93.8;-99;3.8;0;2.94624;15.2;277
9.8;7.9;11.6;0.485;95;-99;3.6;0;1.15776;50.27;278
11;7.9;13.9;1.243;91.4;-99;2.8;5.3;7.80192;9.03;279
10.6;9.6;11.9;0.542;98.2;-99;2.4;0;2.79936;12.43;280
9.9;3.7;12.7;1.837;77.2;-99;2.7;7.9;9.78912;0;281
8.5;3.1;13.4;1.446;87.3;-99;1.8;8.2;9.85824;0;282
10.6;6.2;13.8;0.534;98.8;-99;2;0;2.73024;5.23;283
13.7;12.7;16;0.688;96;-99;3.7;0;3.05856;3.37;284
12.9;11.1;14.5;1.662;82.6;-99;4.8;4.1;6.27264;1.47;285
12.7;9.6;16.4;1.427;89.7;-99;2.3;6.7;8.1648;0;286
15.7;13.8;16.9;0.519;97.1;-99;2.8;0;1.52064;0;287
15.2;12.7;19.4;1.107;95.5;-99;1.8;4.1;5.94432;0;288
14.3;10.7;20;1.457;94.3;-99;1.1;7.6;8.48448;0;289
13.4;9.3;16.4;1.01;89.4;-99;1.7;1.9;4.13856;0;290
10.9;7.4;15.9;1.074;94.2;-99;.4;4.6;6.048;0;291
12.4;10.3;16;1.246;92.4;-99;1.7;6.3;7.23168;0;292
12.4;10.5;14.4;0.667;98.3;-99;1.7;0.9;3.40416;5.43;293
11.6;9.1;14.9;0.772;95.6;-99;1.5;1.8;3.83616;4.53;294
11.2;10;13.7;0.846;95;-99;2;3;4.58784;0.3;295
10.2;8.4;11.2;0.53;99.3;-99;1.3;0.1;2.5056;1.3;296
10.9;8.8;13.5;0.512;98.4;-99;2.3;0.1;2.44512;6.5;297
14.2;11.7;16.6;0.839;92.7;-99;3.7;0.7;2.808;0.6;298
11.7;10.1;13.2;0.766;94.6;-99;3.1;2.1;3.672;2.23;299
10.7;7.6;12.2;1.115;87;-99;4.4;2.7;3.99168;1.03;300
10.9;9.3;12.1;0.955;87.9;-99;4.1;0.6;2.57472;7.7;301
8.8;6.2;11.7;2.028;71;-99;7.6;2.6;3.79296;1.1;302
6.9;4.8;8.4;1.862;64.4;-99;3.8;5.3;5.46912;0;303
7.4;3;9.7;0.707;91.8;-99;2.4;1.9;3.27456;2.33;304
10.9;7.8;13.3;0.386;98;-99;3.5;0;1.22688;4.63;305
10.1;7.9;12.4;0.791;92.9;-99;3.9;3.1;3.68064;1.2;306
9.1;6.8;12.1;0.615;95.3;-99;1.8;1.8;2.81664;0;307
8.8;6.3;11.1;0.812;93.7;-99;2;4.8;4.55328;0;308
10;7.9;11.2;0.331;98.9;-99;1.6;0;.6912;7.9;309
5.6;0.5;10.8;0.69;94.9;-99;.9;4.2;4.09536;0;310
3.7;-1.2;9;0.747;93.3;-99;.8;5.9;5.01984;0;311
7;5.6;8.4;0.653;90.4;-99;1.5;1.8;2.60928;0;312
6.6;5.7;7.6;0.307;98.4;-99;2.4;0;.83808;1.5;313
7.2;5;8.6;0.434;95.4;-99;3.3;0;1.27008;4.03;314
4.1;2.4;5.9;0.428;96;-99;4.8;1.9;2.53152;0.2;315
3.8;1.6;6.2;0.461;98.6;-99;2.6;3.9;3.5424;8.57;316
3.6;-1.5;8.2;0.65;93.3;-99;1.4;5.1;4.12128;0;317
3.6;-0.6;7.5;0.309;99.5;-99;2.7;0.8;1.82304;0.8;318
6.9;3.6;9.5;0.349;100;-99;1.2;0;1.22688;0.4;319
7.1;4.9;9;0.288;100;-99;2.3;0;1.02816;1.4;320
6.1;1.8;9.4;0.65;95.1;-99;2;5.2;3.92256;0;321
4.4;2.4;5.9;0.246;98.9;-99;4.6;0;1.08864;3.97;322
4.9;3.2;7.4;0.776;87.7;-99;6.2;2;2.23776;8.77;323
3.7;1.5;6.7;0.383;97.8;-99;1.7;1.3;1.8576;6.17;324
3.7;2.4;4.9;0.367;99.9;-99;1;1;1.70208;3.87;325
8.1;4;10.3;0.231;99.5;-99;3.7;0;.45792;1.83;326
8.8;5.5;12.7;1.111;82.1;-99;4.3;2.2;2.22048;0.1;327
5.3;2.3;7.2;0.346;99.2;-99;.8;0;1.07136;5.33;328
3.5;0.5;4.5;0.261;100;-99;1;0;.55296;0;329
3.4;1.1;5.3;0.345;95.7;-99;2.7;0;.98496;0;330
4.1;2.6;5.6;0.348;96;-99;2.2;0;.96768;4.17;331
5.3;4.1;6.2;0.439;93.9;-99;5.2;0;.89856;2.13;332
4.2;3.5;4.9;0.347;99.8;-99;0;0;.83808;0;333
2.6;1.4;3.5;0.28;99.9;-99;1;0;.85536;1.4;334
2.6;0.6;4.4;0.388;95.2;-99;1;1.2;1.4688;1.57;335
1.1;-0.8;3;0.32;97.7;-99;1.7;1.3;1.49472;0.3;336
1.7;0;5.6;0.205;98.5;-99;4;0;.48384;1.4;337
4.6;3.3;5.5;0.752;85.4;-99;2.8;3.9;2.47968;2;338
7.3;4.8;8.4;0.393;96.2;-99;3.4;0.4;1.06272;0.4;339
7.5;6.6;8.4;0.596;90.2;-99;4.7;0;.2592;0.4;340
6;4.6;8.1;0.865;84;-99;4.7;0.8;1.2096;1.4;341
3.4;0.8;6.1;0.25;99.1;-99;3;0.2;.95904;3.07;342
1.8;0.1;3.9;0.332;96.5;-99;4.6;2.4;1.79712;1.5;343
0.5;-1.3;1.9;0.459;90.4;-99;4.6;0.6;1.09728;0.9;344
0.1;-1.2;1.4;0.234;99.9;-99;1.5;0;.83808;6.5;345
2.5;0;5.4;0.256;98.1;-99;.9;0;.31104;8.03;346
1.7;0.5;2.8;0.445;94.2;-99;.4;3.4;2.12544;6.27;347
2.7;0.5;4.4;0.295;97.2;-99;1.1;0;.66528;0.37;348
2.4;0.9;3.4;0.32;98.7;-99;.7;0.6;1.05408;0.37;349
2.5;1.2;4.4;0.371;98.1;-99;1.5;2.9;1.90944;0.67;350
0.9;-1;2.2;0.378;93.7;-99;1;1.7;1.46016;0;351
-0.3;-2.4;2.8;0.408;97.3;-99;1.1;3.9;2.27232;0;352
2.6;0;4.2;0.329;97.5;-99;.1;0;.83808;0;353
3.5;-1.1;7.1;0.299;100;-99;.6;0;.76032;2.27;354
6.2;4.8;7.6;0.288;100;-99;2.3;0.8;1.13184;0;355
5.7;4.5;6.8;0.443;96.6;-99;1;2.5;1.75392;0.2;356
7;4.5;9.2;0.268;97.7;-99;4.3;0;.23328;0;357
8.7;8;9.5;0.331;97.1;-99;7.3;0;.57888;3.37;358
8.2;6.7;9.3;0.496;93.3;-99;4.8;0;.50976;0.2;359
5.1;2.8;7.4;0.725;86.8;-99;4.6;1.3;1.31328;0;360
2.9;0.7;5.4;0.433;92.2;-99;2.2;1.1;1.24416;0;361
2.5;0.3;4.1;0.322;96.5;-99;2;0.5;1.02816;0;362
2.3;-0.9;4.2;0.38;92.1;-99;.6;0.7;1.13184;0.2;363
2.2;-0.3;6.8;0.31;95.7;-99;4.3;0;.76896;2.63;364
6.8;2.8;11.1;0.274;99.4;-99;1.8;0;.55296;13.13;365
