tavg;tmin;tmax;ET0;relhumid;vapp14;wind;sundu;globrad;precip;jday
C_deg;C_deg;C_deg;mm;%;mm_Hg;m/s;hours;J cm-2 d-1;mm;
63;2;-----;-----;-----;-----;-----;-----;------;-- -;-
0.8;-0.7;2.2;0.209;100;-99;1.6;0;.4752;10.33;1
2.6;1.6;3.3;0.254;100;-99;.6;0;.37152;0;2
3;0.6;4.3;0.481;90.4;-99;3.5;0;.82944;0.4;3
3;2.4;4.3;0.322;97.3;-99;1.4;0.1;1.01952;2.8;4
3;2.2;3.6;0.275;99.8;-99;0;0;.2592;2.53;5
1.9;0.2;3.3;0.319;99.9;-99;0;0;.80352;7.9;6
0.8;0.3;1.8;0.294;100;-99;0;0;.66528;1.5;7
0.2;-1.5;2;0.39;100;-99;.1;2;1.8576;0.6;8
1.7;0;3.8;0.31;99.9;-99;1;0.7;1.33056;5.37;9
0.6;-0.8;1.7;0.312;97.2;-99;3.4;1.9;1.86624;1.4;10
2.7;1.6;3.6;0.162;99.9;-99;4.7;0;.52704;9.5;11
2.8;0.7;5.3;0.39;96.1;-99;3.5;2.4;2.09952;1.67;12
1.7;0.4;3.2;0.281;96.7;-99;5.2;0;1.05408;7.3;13
1.7;0.4;2.6;0.322;95.4;-99;3.7;0;.94176;0;14
-0.8;-2;1.1;0.674;78.9;-99;3.3;0;1.10592;0;15
-1.5;-4.3;-0.1;0.47;86.9;-99;2.1;0.9;1.57248;0;16
-2.4;-5.7;0.8;0.487;95.5;-99;.3;4.5;3.21408;0;17
-0.6;-3.6;2.5;0.228;99.7;-99;2.2;0;.864;7.23;18
2.2;0.4;4.8;0.197;100;-99;2.9;0;.63936;10.77;19
6.4;4.5;8;0.617;91.1;-99;4.6;0.9;1.63296;1;20
6.4;3.8;9.8;1.381;73.6;-99;4.8;2.2;2.27232;1.77;21
5.1;0.7;10.1;0.701;88.7;-99;5.1;1.4;1.92672;1.27;22
0.1;-1.3;1.8;0.359;99.9;-99;.1;0.5;1.53792;0;23
0.1;-0.8;1.1;0.332;100;-99;0;0;1.15776;2.2;24
0.7;-1;2.4;0.356;99.7;-99;.8;1.1;1.90944;1.53;25
0.9;-1.2;3.3;0.432;95.7;-99;1.3;2.3;2.53152;0.7;26
0.7;-1.1;2;0.288;99.8;-99;1.6;0.3;1.54656;0.5;27
0.1;-2.1;2.3;0.556;87.8;-99;2.4;2.3;2.64384;0;28
-1.4;-4.4;0.7;0.497;93.6;-99;.5;3.1;3.0672;10.4;29
-2.5;-10;2.3;0.595;92.9;-99;.4;5.8;4.536;0;30
-3.8;-7.5;-0.5;0.469;94.6;-99;1.6;5;4.19904;0;31
-4.4;-11.6;-0.9;0.511;83.9;-99;1.1;3.1;3.40416;0.1;32
-1.5;-2.9;0;0.531;96.6;-99;.4;3.3;3.61152;0;33
-0.1;-1.6;1;0.38;98.2;-99;1.7;1.1;2.3328;6.7;34
0.7;-1.2;2.3;0.534;98.9;-99;.6;3.5;3.83616;0;35
-0.9;-2.5;0.2;0.513;83.7;-99;0;1.9;2.92032;0;36
-2;-4.3;0.1;1.02;69.3;-99;2.2;7.2;6.2208;0;37
-4.2;-5.5;-3.3;0.845;64.2;-99;2.9;1.2;2.62656;0;38
-3.8;-7.3;-2.1;0.685;73.1;-99;.9;4.4;4.67424;0.6;39
-6.1;-10.4;-1.7;0.407;93.3;-99;.3;2.1;3.24864;2.17;40
-3.2;-7.2;-0.5;0.706;92.1;-99;1.7;8.4;7.36128;3.47;41
-6.5;-13.2;-1.3;0.485;93.5;-99;1.4;5.3;5.50368;7.83;42
-9.2;-15.5;-0.8;0.6;92.1;-99;.7;9.7;8.4672;0;43
-8.9;-16.9;1.3;0.573;94;-99;.4;7.9;7.40448;0;44
-6.6;-12.2;0.3;0.647;92.7;-99;.4;7.4;7.20576;0;45
-4.4;-14.2;1;0.614;78.7;-99;1.8;2.4;3.85344;8.5;46
0.5;-2;2.3;0.53;100;-99;1.4;3.7;4.84704;0.73;47
3.3;1.8;4.9;0.454;100;-99;.9;0.6;2.71296;6.77;48
5.3;2.5;9.3;0.821;96.1;-99;1.7;5.6;6.35904;6.23;49
4.6;0.7;8.1;0.713;95.4;-99;1.1;3.4;4.82112;0;50
5.6;1.1;11.4;0.967;88.3;-99;1.4;5.1;6.1776;0;51
7.4;1.9;15.3;1.307;85.8;-99;1;8.3;8.62272;0;52
7.2;-0.1;15.6;1.42;79;-99;1.4;8.1;8.61408;0;53
9.7;4.5;14.7;1.042;84.9;-99;1.3;3;4.8384;0;54
11.5;6.7;17.2;1.669;81.8;-99;2.4;7.8;8.64;0;55
10.9;5.7;16.7;1.536;84.9;-99;2.7;7.5;8.53632;0.2;56
6.6;3;9.5;1.168;88.4;-99;4.1;7.2;8.39808;0;57
4.9;1.9;6.5;0.626;97.4;-99;3.4;3.3;5.65056;0;58
4.2;1.4;6.9;0.449;99.4;-99;2.4;0.8;3.46464;0;59
3.5;-1.6;5.6;0.538;99.7;-99;.5;0;3.24864;0;60
1.4;-2;8.6;0.718;99.3;-99;.4;2.7;5.63328;0;61
4.1;-2.1;12.7;1.209;91.7;-99;1.5;8.3;10.55808;0;62
2.5;-0.6;4;0.415;94.9;-99;1.6;0;1.87488;0;63
0.9;-3;5.6;1.311;79.3;-99;2.1;9.3;11.75904;0;64
1.4;-3.9;6;0.696;88.5;-99;2.1;1.2;4.60512;0.1;65
2.7;-1.2;5.4;0.825;83.4;-99;3.5;0;3.39552;1.7;66
0;-4.8;5.5;1.363;74;-99;1.1;9.6;12.4416;0;67
0.5;-4.4;6.5;1.542;65;-99;1.4;9.7;12.69216;0;68
1.5;-5.7;7.3;1.615;63.4;-99;2.4;7.5;10.82592;5.5;69
5.7;2.1;9.8;0.851;88.9;-99;6.7;0.2;4.06944;10.63;70
6.3;4.8;8.6;1.319;80.7;-99;5.4;2;5.81472;1.23;71
4.7;2.5;8.4;0.552;95.9;-99;5.4;0.7;4.7088;12.2;72
4.9;3.1;7.8;0.901;90.3;-99;4.7;2.7;6.74784;2.03;73
4.2;2.1;5.5;0.376;99.4;-99;3.8;0;3.30048;6.7;74
2.7;-1.4;5.3;0.775;96.5;-99;2.5;3.7;7.8624;0;75
2;-2.8;8.3;1.174;89.4;-99;1.1;6.5;10.7568;0;76
2.1;-1.1;6.6;1.254;84.6;-99;1.7;6.4;11.26656;0;77
-0.1;-4.1;3.4;1.224;80.2;-99;2.5;6.2;10.7136;0;78
1.3;-3.8;4.5;0.963;82.4;-99;3.3;2;6.57504;4;79
5.3;0;9.1;1.877;76.3;-99;4.4;9.3;14.22144;0;80
4.5;-1.1;8;1.556;88.4;-99;2.6;10.1;15.23232;0;81
5.4;4.8;6.3;0.628;91.1;-99;0;0;3.30912;0;82
7.1;2.9;12;1.436;81.8;-99;1;4.7;9.75456;0;83
6.7;2.4;12.7;1.385;89.3;-99;1.1;5.3;10.50624;0;84
8.9;2.5;14.8;1.986;76.4;-99;1.9;7.3;12.88224;0;85
6.5;3.8;10;1.049;89.8;-99;3.7;2.4;7.56864;2.9;86
6.2;1;11.2;1.078;91.4;-99;4.4;3.9;9.35712;4.93;87
11;8.3;15.1;1.519;86.1;-99;3.9;3.2;8.69184;0;88
12.3;5.2;20.4;2.595;82.6;-99;2.1;11.3;17.94528;0;89
11.5;0.8;22.7;2.725;69.6;-99;.8;11.3;18.07488;0;90
6.2;-0.4;10.6;0.654;95.5;-99;2.2;0;4.30272;0.33;91
4;-2.2;9.3;1.105;86.3;-99;3;2.6;8.56224;0;92
4.2;-2.5;8.8;2.002;72.3;-99;2.9;9.2;16.39008;0;93
3.8;-3.2;7.9;0.863;88.3;-99;3.3;0.2;5.79744;2.67;94
3.5;0.1;5.9;1.448;81.4;-99;6.6;5.9;12.68352;1.2;95
2.6;-0.2;7;1.288;85;-99;4.5;5.9;12.8736;0;96
3.3;0.6;7.1;0.941;91.3;-99;4.2;2.9;9.30528;1.4;97
4.7;3.3;7.2;1.572;74.6;-99;3.5;3.1;9.72;0;98
5.7;3.1;11.5;1.511;77.2;-99;3;2.8;9.33984;3.73;99
5.3;2.2;9;2.327;68;-99;1.3;10.6;19.11168;2.17;100
6.7;2.3;14.2;0.848;95.9;-99;2.3;0.5;6.74784;5.13;101
4.5;0;9.1;1.686;80.8;-99;2.1;6.7;14.52384;0.1;102
4.2;-0.1;9.1;1.734;82.4;-99;3.6;8.5;16.90848;0;103
4.5;-1.4;9.4;1.907;79;-99;2.1;8.5;17.064;0;104
3.7;-2;9.3;1.771;73.6;-99;2.1;6.4;14.50656;0;105
6.5;1.8;10.2;2.58;62.7;-99;2.9;8.9;17.82432;0;106
8.1;1.9;13.1;2.437;77.1;-99;2.4;9.9;19.29312;0;107
7.4;1;14.1;1.59;89.7;-99;1.5;4.9;12.89088;0.83;108
8.6;2.1;15;2.614;80.4;-99;1.7;11.3;21.384;0;109
8.4;1.5;15.1;2.963;70.2;-99;1.9;12.7;23.2848;0;110
6.6;0.1;11.8;1.953;74.8;-99;3.9;4.9;13.2624;0;111
7;4.8;10.8;2.113;76.5;-99;5.6;6.8;15.81984;1.1;112
7.9;4.8;11.4;2.8;70;-99;4.3;10.9;21.2976;0;113
6.7;0.4;11.3;2.673;72.8;-99;2.5;12;22.92192;0;114
5.2;-1.1;10.8;2.72;62.8;-99;2.9;11.4;22.2912;0;115
3.3;-3.6;10;2.013;72.8;-99;1.5;8.4;18.42912;0;116
5.4;-4.1;12.4;2.897;60.5;-99;1.6;13.1;24.7968;0;117
8.6;1.7;15.4;3.127;59.3;-99;2.7;10.2;21.06432;0;118
7.6;6.4;9.3;0.644;92.8;-99;2;0;2.98944;9.4;119
6.9;2.1;9.9;1.136;88.6;-99;1.5;0.4;7.93152;0;120
6.4;-0.6;10.8;1.472;85;-99;1.9;3;11.43936;0;121
7.2;1.3;11.6;1.374;88.1;-99;1;2;10.20384;3.9;122
7.2;4.9;11.6;1.382;86.8;-99;1.9;2;10.2816;0.7;123
8.3;5.1;12.7;1.364;84.5;-99;4.6;0.2;7.89696;3.17;124
7.1;5.4;9.1;1.144;87;-99;4.7;0;7.15392;9.93;125
6.4;0.5;11.5;2.12;78.9;-99;3.2;7.7;18.38592;0.5;126
5.5;-0.9;10.3;1.912;83.7;-99;3.1;7.8;18.55872;2;127
8.9;2.5;13.6;2.886;67.3;-99;2.8;9.2;20.57184;0.9;128
16.9;8.3;24.3;4.781;58.6;-99;3.7;11.7;24.21792;0;129
19.5;12.6;27.6;4.702;65.3;-99;2.9;11.5;24.00192;1.77;130
13.7;11.4;17.4;2.225;91.6;-99;3.7;7;17.78976;11.57;131
12.4;10.2;16.2;1.614;94;-99;3.1;3.3;12.69216;2.33;132
10.6;10.1;11.3;0.498;100;-99;3;0;3.42144;0;133
9.9;8.4;10.9;0.595;100;-99;2.7;0;4.50144;0;134
10.7;7.6;16.4;2.135;86;-99;1.7;5.5;15.8976;0.2;135
11.6;7.7;16.4;2.364;87.8;-99;1.6;6.8;17.7984;3.97;136
11.4;6.1;17.8;2.451;86.3;-99;.6;6.6;17.6688;3.1;137
10.4;5.9;14.8;2.023;84.5;-99;1.8;4.5;14.67936;0.1;138
11;5.7;15.4;2.958;81.3;-99;2;10.5;23.31072;0;139
10.2;4.5;16.1;2.223;79.6;-99;1.9;5.2;15.768;0;140
11.1;7.4;15.9;1.87;88.8;-99;1.9;3.7;13.72032;6.3;141
11.2;5;16;2.469;83;-99;4.1;7.6;19.31904;4.33;142
11.6;7.6;15.4;2.849;75;-99;3.3;7.6;19.3968;0.3;143
14.5;6.9;20.1;4.11;63.6;-99;2.8;11.5;25.10784;1.73;144
11.7;8.4;15.8;2.043;85.7;-99;2.8;4.1;14.50656;1.93;145
10;7.5;14.5;1.712;93.4;-99;3.5;5.1;15.95808;10.83;146
11;8.3;14.4;1.414;96.8;-99;2.5;2.3;11.9232;2.67;147
12.4;9.2;15.9;3.242;79.3;-99;2.5;10.9;24.48576;0;148
11.3;6.7;14.9;2.585;90.1;-99;2.6;9.5;22.38624;0;149
13.1;5.5;19.2;3.683;79;-99;1.1;12.6;26.99136;0;150
13.9;3.9;20.4;4.297;69.9;-99;1.1;15.1;30.61152;0;151
14.2;9.6;19;3.066;76.7;-99;1.7;7.8;20.01024;0;152
15.7;10.6;20.5;4.088;77.1;-99;2.5;13.7;28.00224;0;153
18.4;12.6;23.9;5.03;59.8;-99;2.9;12.8;26.81856;5.17;154
17.8;13.7;23.4;3.348;75.8;-99;2.3;6.7;18.576;0.2;155
18.9;11.5;24.7;5.112;62.8;-99;2.1;14.6;29.31552;0;156
18.6;10.9;25.1;5.193;61.1;-99;2;15.3;30.21408;0;157
18.3;10.7;24.3;4.687;71.3;-99;1.3;14.3;28.9872;0;158
17.6;10.4;23.2;4.572;73.5;-99;1.5;14.4;29.0736;0;159
17.7;8.9;24.3;4.756;70.5;-99;1.2;15.2;30.17952;0;160
17.7;9.9;23.3;4.477;71.6;-99;1.1;13.6;28.14048;0;161
18.5;10.1;24.3;4.714;75.2;-99;1.2;14.6;29.47968;0;162
16.9;12.7;20.1;3.293;75.5;-99;4.5;5.4;17.0208;0;163
14.9;9.9;18.7;3.869;69.6;-99;4.5;9.8;22.96512;0;164
18.2;8.5;26;4.926;69.5;-99;1.8;15.3;30.49056;0;165
15.8;7.7;19.8;4.164;71.8;-99;1.8;12.9;27.31968;0;166
17.2;5.5;24.9;4.935;65.7;-99;1.7;15.8;31.25088;0;167
23.8;14.1;31.8;6.079;61.7;-99;2.4;14.8;29.81664;0;168
26.4;17.7;32.4;6.39;54.4;-99;1.5;15.2;30.34368;0;169
24.7;18.9;31.7;5.332;71.5;-99;1.8;12.4;26.63712;0;170
22.7;15.7;29.5;4.412;78.7;-99;2.4;9.9;23.2416;7.47;171
18.9;14.8;25.3;2.974;93.1;-99;1.8;6.8;19.03392;0;172
15.7;11;19.2;3.362;81.4;-99;2.5;9.4;22.5504;0;173
15.4;8.3;20.9;2.838;86.1;-99;1.4;6.6;18.82656;0;174
17;12.5;19.2;1.894;89.5;-99;1;0.7;10.73952;0;175
16.2;8.8;21.2;2.78;79.6;-99;1.3;5.1;16.68384;0;176
15.9;7.3;22.7;3.342;76.9;-99;1.1;8.5;21.27168;0;177
17.3;10.6;23.2;3.541;85.7;-99;1.1;9.5;22.7232;0;178
20.7;9.9;27.7;4.94;69.3;-99;.9;13.9;28.67616;0.11;179
20.5;17.6;27.3;2.502;83.3;-99;.7;2.4;13.09824;4;180
19.7;17.4;22.4;2.242;95.2;-99;1.5;2.6;13.2624;5.74;181
18.2;15.1;21.7;2.075;92.4;-99;2.2;1.8;12.51936;0;182
18.5;13.2;23.1;3.718;80.3;-99;2.7;9.1;22.3776;0;183
16.6;15.3;18.1;1.213;94.2;-99;1.9;0;6.47136;0;184
20;15.7;26.3;4.535;76.1;-99;1.1;12.4;26.74944;0;185
18.8;12;23.9;2.667;86.8;-99;1.6;3.9;15.31008;0;186
19.4;11.1;28.3;3.287;85.7;-99;2.1;7.1;19.51776;1.7;187
19;15.6;24.8;3.296;75.7;-99;1.1;6.3;18.39456;0;188
19;13.7;23.6;2.988;83.8;-99;1.6;5.3;17.02944;0;189
16.9;12.7;21.1;1.444;93.9;-99;2.3;0;8.32032;59.88;190
17.5;13.6;22.3;2.556;88.7;-99;2.5;4.5;15.94944;0.1;191
20.5;12.7;26.7;4.245;75.1;-99;1.4;10.4;23.85504;0;192
21;16.5;25.3;3.732;85.3;-99;2.4;8.8;21.54816;0;193
22.5;16.6;28.7;4.404;79;-99;1.3;10.5;23.83776;0;194
22.4;17.8;26.3;2.616;93.2;-99;1.4;3.3;14.11776;6.28;195
21.5;14.9;28;4.868;78.8;-99;.9;13.6;27.864;0;196
22.5;15.3;27.8;4.824;79.8;-99;1.6;12.8;26.71488;0;197
21.4;17.5;24.7;4.514;82.5;-99;2.2;12.4;26.20512;0;198
19.4;15.5;23.5;3.76;78.5;-99;3.9;8.2;20.57184;0;199
16.7;11.1;20.3;3.932;68.9;-99;2.6;9.7;22.44672;0;200
17;10.6;20.9;3.588;76.6;-99;2.5;9.1;21.53952;3.1;201
17;12.7;20.8;3.04;83.3;-99;1.7;7;18.71424;0;202
15.9;10.5;21;3.779;76.4;-99;1.3;11.5;24.60672;0;203
16.6;11.6;21.6;2.335;86.1;-99;1.2;3.3;13.7808;0;204
21.1;14.4;27.2;4.321;69.1;-99;2.3;9.1;21.37536;0;205
22.9;18.9;29.2;4.048;67.8;-99;2.3;6;17.24544;0;206
21.1;16;27.8;2.041;88.3;-99;.8;0.7;10.13472;0;207
20.4;14.7;27;3.695;77.4;-99;1.6;8.2;19.98432;0;208
19.4;14.1;25.6;3.566;76.9;-99;1.9;7.9;19.45728;0;209
16.7;11.3;22.4;3.223;75.3;-99;3.1;6.4;17.47872;0.4;210
17.8;11.5;24.6;4.248;65.2;-99;3;9.9;21.92832;2.08;211
16.9;12.6;21.4;2.682;86.1;-99;3.9;6;16.79616;0.69;212
16.3;12.3;22;2.047;93;-99;2;3.7;13.23648;7.97;213
15.7;10.1;21.1;2.869;80.5;-99;2.8;7;17.28864;6.87;214
15.6;8.6;20.8;2.918;77.3;-99;1.1;7.5;17.7984;0.1;215
16.1;7.2;22.6;3.17;73.1;-99;.8;8.8;19.29312;0;216
17.9;10.4;23.5;3.88;72.5;-99;1.5;11.6;22.64544;0;217
18.4;12.6;24.8;3.835;75.3;-99;1.9;11.2;22.032;14.47;218
18.2;13.7;24.3;3.226;83.8;-99;1.6;9;19.21536;4.63;219
16.4;12.4;20.2;2.289;88.6;-99;2.7;4.9;14.22144;1.7;220
16.4;10.6;22;3.334;77.5;-99;2.6;9.7;19.88064;0;221
15.7;11.3;21.7;2.135;89.8;-99;1.7;4.3;13.3056;1.03;222
16.6;11.5;23;2.993;81.2;-99;1.5;8.3;18.03168;0;223
18.8;8.9;26.2;3.959;68.4;-99;1;12.1;22.49856;0;224
20.6;13.1;27.1;3.776;72.1;-99;1.7;9.4;19.11168;0;225
17.4;11.7;23.2;2.802;80.7;-99;2.5;6.2;15.27552;0.77;226
17.3;12.3;22.9;2.153;85.5;-99;1.9;3.1;11.52576;4.5;227
15.3;11.2;18.2;0.948;96.8;-99;3.1;0;5.616;17.67;228
15.4;11.6;20.5;2.035;90.1;-99;5.2;5.4;14.01408;1.27;229
15.5;11.6;17.9;1.518;89.5;-99;4.6;-99;7.6464;0.73;230
16.7;14.2;20.8;2.539;83.3;-99;3.2;-99;14.10912;0;231
15.2;11.1;19.7;1.891;91.9;-99;.9;-99;11.47392;2.87;232
15.4;11.1;20.3;3.079;73.8;-99;.7;-99;18.99936;0;233
15.8;11.5;19.9;2.079;81.5;-99;1.6;-99;10.89504;0;234
16.6;10.4;22;3.629;74.6;-99;2.6;-99;21.20256;0;235
14.5;7.9;21.2;3.175;76;-99;1.4;-99;20.20032;0;236
14.3;7.7;17.3;1.103;94.4;-99;3.3;-99;6.44544;2.57;237
14;11.9;17.1;1.731;91;-99;3;-99;11.37024;63;238
14.5;12;17.4;1.631;95.5;-99;2.1;-99;11.12832;9.43;239
14.7;11.9;16.7;1.157;99.5;-99;1.6;-99;7.48224;8.97;240
15.5;14.5;16.8;0.605;99.7;-99;2.8;-99;3.37824;2.43;241
15.6;12.5;18.1;1.209;94.1;-99;3.6;-99;6.89472;0;242
15.4;10.3;20.5;3.088;84;-99;2;-99;20.23488;0;243
16.4;12.1;21.3;3.028;87.6;-99;1.7;-99;19.51776;0;244
16.3;10.6;21.3;2.963;86.8;-99;1.3;-99;18.64512;0;245
14.3;10;19.3;2.103;91.1;-99;2.1;-99;14.20416;0;246
15.1;10.3;20.9;1.996;88.6;-99;1.6;-99;11.9664;0;247
14.9;11;20.2;2.788;79.8;-99;2.1;-99;16.83072;0;248
16;10.2;21.7;2.422;83.3;-99;1;-99;14.05728;0;249
15.6;9.9;20.8;2.832;82.5;-99;1;-99;17.3664;0;250
16.5;8.9;25.8;3.052;78.8;-99;.8;-99;18.13536;0;251
18.3;11.2;25.7;3.294;74.7;-99;1;-99;18.19584;0;252
18.4;11.8;24.6;2.198;87.1;-99;.8;-99;11.7504;10.23;253
18.2;16.1;22.4;1.566;97.2;-99;1.2;-99;8.7696;7.67;254
17.7;12.5;21.7;2.068;90.1;-99;2.2;-99;11.64672;1;255
14.9;12.6;16.6;1.443;87.2;-99;1.9;-99;6.90336;0;256
15.2;11.6;21.2;1.848;84.2;-99;.6;-99;10.24704;0;257
15.5;11.9;18.4;0.969;96.3;-99;1.6;-99;4.968;19.13;258
16.3;14.7;18;1.096;98.1;-99;2.6;-99;6.80832;6.07;259
14;12.7;15.1;0.832;97.2;-99;2.5;-99;4.68288;2.83;260
14.1;11.9;17;1.324;89.4;-99;2;-99;6.68736;0;261
12.2;10.3;14.6;1.219;83.2;-99;1.4;-99;5.33088;0;262
11.9;8.6;15.8;1.696;82.8;-99;1.6;-99;9.61632;0;263
12;8.9;14.6;0.869;94.7;-99;1.3;-99;4.46688;1.57;264
14;11;18.2;2.073;90;-99;1.6;-99;13.35744;0;265
13.5;11.2;15.5;0.936;91.1;-99;4.4;-99;3.05856;2.2;266
14.6;12.3;16.5;1.251;90.5;-99;2.5;-99;6.05664;0.7;267
16.2;12.7;19.2;1.176;95.4;-99;.9;-99;5.99616;0;268
18.1;14.2;22.9;2.292;86.5;-99;1.3;-99;12.25152;0;269
17.1;15.2;20.4;1.026;97.1;-99;1.6;-99;5.2272;0.3;270
14.1;7.1;17.8;1.956;88.5;-99;1.6;-99;11.94048;0;271
11.5;6.4;14.8;0.629;99.6;-99;1.5;-99;3.43008;10.77;272
11.2;9.4;15.1;1.296;87.7;-99;5.1;-99;6.29856;0.4;273
12.8;9.5;17.2;2.517;72.4;-99;3.8;-99;11.47392;0;274
12.9;9.4;16.2;1.135;92;-99;1.9;-99;6.048;1.2;275
17.6;14.8;19.9;2.093;71.7;-99;3;-99;4.39776;0;276
12.7;7.6;16.1;0.972;93.4;-99;1.7;-99;4.95936;0.97;277
10.8;6.6;12.7;0.352;100;-99;1.5;-99;1.04544;22.3;278
12.1;6;16.3;1.651;89.7;-99;1.2;-99;10.34208;0;279
10.7;2.8;18.7;1.803;87;-99;.2;-99;11.68992;0;280
11.7;7;16.8;1.297;95.1;-99;.7;-99;7.91424;0.1;281
9.1;4.5;14.8;1.693;81.2;-99;.9;-99;11.02464;0;282
7.5;1.6;13.9;1.519;80.9;-99;1.3;-99;9.95328;0.2;283
9.8;4.1;14.5;1.052;90.8;-99;2.6;-99;6.0048;3.83;284
8.9;6.6;11.9;1.487;81.9;-99;2.9;-99;8.08704;0.1;285
9.4;5.8;13.3;1.429;85.3;-99;1.7;-99;8.69184;2.3;286
11.5;8.5;13.6;0.712;97.7;-99;2.9;-99;4.38912;0.87;287
11.4;9.5;13.1;1.101;86.1;-99;2.7;-99;4.09536;7.7;288
9.3;6.9;12;0.98;90.3;-99;2.3;-99;5.24448;0;289
9.3;7.5;11.2;0.733;93.7;-99;2.3;-99;3.6288;1.43;290
10.1;8.9;12.7;0.481;97.8;-99;.9;-99;1.70208;4.03;291
11.8;7.8;15.2;0.708;97.2;-99;1.5;-99;3.55104;4.8;292
15.5;12.7;17.8;1.159;88;-99;3.1;-99;3.60288;1.2;293
10.5;5.9;14.7;0.825;91.2;-99;5.3;-99;2.7216;11.57;294
7.4;5.8;9.7;0.808;90;-99;6.5;-99;2.95488;8.03;295
8.6;5.4;11.5;1.315;84.8;-99;3.5;-99;7.11072;0.2;296
7.9;4.3;12.2;1.258;85.7;-99;2;-99;7.63776;0;297
7.2;1.6;11.1;0.969;92.4;-99;1.9;-99;6.49728;0;298
10.9;9.3;13.7;0.902;93.3;-99;2.7;-99;4.81248;0.33;299
13;10.8;14.3;0.536;96;-99;4.2;-99;1.57248;0;300
12.4;7.9;16.5;1.278;90.5;-99;2.8;-99;7.05888;0;301
9.2;4.5;15.1;1.104;89.2;-99;1.9;-99;6.28992;0;302
9.4;5.8;12.6;0.776;90.6;-99;1.5;-99;3.3264;0;303
12.5;10.1;14.8;1.163;88.7;-99;3.2;-99;5.02848;0;304
10.6;8;13.5;0.739;91;-99;2.3;-99;2.4624;0.4;305
7.9;5.5;10.8;0.578;99.3;-99;.3;-99;2.65248;0;306
7.6;5.3;11.6;0.82;96.5;-99;.8;-99;5.0112;0.3;307
7.9;5.7;9.6;0.293;99;-99;3.2;-99;.91584;20.23;308
9.3;7.4;11.2;0.817;90.5;-99;3.7;-99;3.1104;0.1;309
9.4;8.7;10;0.45;96.5;-99;0;-99;1.2528;2.5;310
8.9;7;10;0.742;93.6;-99;3.2;-99;3.8448;6.93;311
8.8;7.7;10.8;0.48;99.8;-99;.5;-99;1.84896;14.9;312
8.4;5.7;11.5;0.697;95.8;-99;1.9;-99;3.9744;0;313
7.4;3.2;10.9;0.781;93.7;-99;1.5;-99;4.536;0.5;314
9;7.4;10.6;0.334;100;-99;1.5;-99;1.00224;0.2;315
8.4;6.9;9.6;0.455;97;-99;1.5;-99;1.65024;0;316
5.7;4.6;7;0.401;98.6;-99;.9;-99;1.56384;0;317
7.3;5.7;8.3;0.369;93.4;-99;.6;-99;.50112;0;318
6.2;5.4;7.6;0.338;91.6;-99;.3;-99;.3456;0;319
5;4.6;5.6;0.315;98.1;-99;0;-99;.46656;0;320
5.2;3.6;7.5;0.282;99.3;-99;2.6;-99;1.07136;1.2;321
8.2;5.1;11.6;0.308;99.1;-99;4.9;-99;1.58976;2;322
12.2;11.6;12.7;0.506;95.3;-99;5.7;-99;.81216;0.07;323
11;9.2;12.1;0.517;95.3;-99;5;-99;1.31328;0.5;324
7.8;3;10;0.547;95;-99;2.7;-99;2.35008;1.77;325
3.3;0.7;6.5;0.662;88.8;-99;1.6;-99;3.43872;0.07;326
7.7;3.7;9.1;0.402;97.7;-99;1.7;-99;1.39968;0.13;327
7.3;6;8.3;0.442;97.1;-99;.3;-99;1.4256;0.1;328
5.1;2.9;6.5;0.478;91.7;-99;1.6;-99;1.3392;0.2;329
3.2;1.3;4.5;0.287;99.7;-99;.9;-99;.78624;0;330
1.8;0.5;3;0.349;98.9;-99;0;-99;1.11456;3.4;331
2.2;0.7;4;0.358;99.3;-99;.5;-99;1.45152;1.4;332
1.5;-0.9;4.7;0.356;98.4;-99;1;-99;1.71936;4.03;333
3.2;0.8;7;0.564;89.4;-99;4.1;-99;1.37376;3.87;334
4.3;-0.7;8.1;0.286;96.8;-99;5.5;-99;.54432;12;335
0.9;-1.2;2.1;0.253;96.9;-99;3.2;-99;.58752;7.6;336
1.2;-0.5;2.3;0.323;99.7;-99;.9;-99;1.47744;1.1;337
2.8;1.8;3.4;0.284;100;-99;0;-99;.37152;9.27;338
1.1;0;2.2;0.316;99.9;-99;0;-99;.864;0.63;339
1.1;-0.5;2.9;0.437;94.8;-99;.9;-99;2.29824;0;340
-0.3;-1.8;0.3;0.316;98.3;-99;1.3;-99;1.3392;0;341
-0.1;-1.4;0.6;0.299;100;-99;0;-99;.59616;0;342
-1.7;-3.8;-0.9;0.266;100;-99;0;-99;.44928;1.4;343
-0.9;-2.1;0.1;0.297;100;-99;0;-99;.67392;3.6;344
0.8;-1.7;2.7;0.378;99.7;-99;.8;-99;2.15136;0;345
3.1;1.6;6.4;0.271;100;-99;.2;-99;.31104;3.3;346
7.8;5.8;9.6;0.312;100;-99;1.3;-99;.80352;0.3;347
6.7;2.9;8.3;0.249;99.9;-99;1.4;-99;.26784;0;348
8.8;6.7;10.5;0.335;98.1;-99;2.8;-99;.85536;0;349
7.6;5.3;9;0.496;95.9;-99;2.7;-99;2.09952;0;350
5.4;4.7;6.3;0.287;99.9;-99;.9;-99;.58752;0;351
6.5;5.4;7.8;0.366;99.4;-99;0;-99;.80352;0;352
6;2.9;7.7;0.52;87.3;-99;1.7;-99;.5616;0;353
2.5;0.1;4.9;0.481;91.7;-99;1.1;-99;2.09088;0;354
-0.8;-3.2;3.7;0.425;99.6;-99;.5;-99;2.41056;0;355
-1.4;-2.8;-0.4;0.315;100;-99;0;-99;.93312;0;356
-1.7;-3.1;-0.5;0.281;98.8;-99;0;-99;.6048;7.47;357
-1.2;-8.3;1.8;0.375;87.9;-99;.8;-99;1.01952;0.49;358
-8.4;-12.7;-3.3;0.288;95.2;-99;.6;-99;2.30688;0;359
-8;-11.7;-1.5;0.339;85.1;-99;.4;-99;2.45376;0;360
-5.9;-9.4;-2;0.522;77.4;-99;3.3;-99;1.3392;0;361
-1.7;-3.9;0.2;0.302;97.4;-99;.7;-99;1.08;0.29;362
0.7;0;1.6;0.314;100;-99;.4;-99;1.14912;0.33;363
6.2;1.4;10.7;0.241;100;-99;2.5;-99;.63072;3.03;364
11.3;10.1;12.7;0.24;99.4;-99;3.6;-99;.22464;5.83;365
