tavg;tmin;tmax;ET0;relhumid;vapp14;wind;sundu;globrad;precip;jday
C_deg;C_deg;C_deg;mm;%;mm_Hg;m/s;hours;J cm-2 d-1;mm;
63;2;-----;-----;-----;-----;-----;-----;------;-- -;-
3.9;3.1;4.8;0.543;89.7;-99;3.9;0;.96768;1;1
6;3.8;9.2;1.112;79.8;-99;5.6;1.3;1.54656;1.7;2
4.5;3.2;5.6;0.424;85.2;-99;.7;0;.53568;3.7;3
4;3;4.9;0.696;81.1;-99;1.4;3;2.18592;2.3;4
4.4;3.1;5.6;0.254;98.2;-99;1.9;0;.3024;5.7;5
2.6;0.2;3.8;0.27;98.1;-99;.8;0;.44064;0.1;6
3.3;0.1;7.1;0.434;94.4;-99;.7;1.8;1.75392;0.2;7
4.4;2.4;6.4;0.303;96.1;-99;1.1;0;.37152;9.2;8
6.4;4.2;7.9;1.098;80.1;-99;6.1;0;.63936;16.5;9
7.6;3.6;11.8;0.843;85.6;-99;5.5;0;.3024;5.2;10
3.7;1.9;4.8;0.593;85.9;-99;1.8;1.4;1.63296;1.6;11
6.4;4.1;8.6;0.317;96.4;-99;2.3;0;.33696;3.8;12
7.4;4.4;9.2;0.275;98.6;-99;2.4;0;.432;6.5;13
3.9;1.1;6.3;0.472;92.7;-99;1.3;1.6;1.79712;4;14
4.3;0.7;8.8;0.393;92.3;-99;2;0;.4752;4.5;15
5.8;2.9;8.5;0.926;81.8;-99;2.8;3.9;2.87712;0;16
2.1;-0.8;5.1;0.525;93.6;-99;1.5;4.2;3.07584;0;17
0.3;-1.5;1.7;0.383;94.8;-99;.3;1.1;1.70208;0;18
0;-2.2;2;0.478;96.9;-99;.2;3.6;2.88576;0.3;19
1;0.3;1.7;0.296;99.9;-99;0;0;.66528;0.3;20
-0.4;-2.4;0.9;0.426;99.7;-99;.5;2.3;2.35008;0;21
-0.6;-2.3;0.5;0.349;100;-99;.7;0.8;1.67616;0;22
-0.2;-1.8;2;0.448;93.5;-99;.8;1.9;2.22048;0;23
-0.2;-1.9;2.4;0.549;91.2;-99;.3;3.7;3.1536;0.3;24
1.4;-1.7;4.8;0.545;97.6;-99;.7;4.8;3.74112;0;25
2.8;1.6;4.8;0.31;99.9;-99;.2;0;.7344;6.1;26
3.4;0.2;4.8;0.552;93.5;-99;1.1;3.1;2.99808;0;27
3.3;1;5;0.335;95.8;-99;.7;0;.8208;5.2;28
1.5;0.1;3;0.392;92.3;-99;.1;0.2;1.54656;0;29
0.9;-0.1;1.7;0.33;99.8;-99;0;0;1.0368;1.6;30
0.5;-2.5;2;0.39;95;-99;.4;0.5;1.77984;0.1;31
-0.1;-2.5;1.8;0.568;96.2;-99;.7;3.8;3.81024;0.9;32
0.2;-1.3;2.8;0.43;97.3;-99;.3;1.2;2.376;8;33
-1;-1.9;0;0.592;94.4;-99;.5;4.1;4.12128;2.3;34
-1.1;-2.6;0.9;0.464;91.2;-99;.1;1.2;2.4624;1.5;35
-2.9;-11.3;1.6;0.49;97.3;-99;.4;3;3.5856;0;36
-6.7;-13.4;-0.1;0.458;99.2;-99;.3;4.3;4.44096;0;37
2.2;-2.8;5.3;0.452;94.8;-99;1.3;0.8;2.3328;0.5;38
2.3;-0.2;3.4;1.295;66.4;-99;2.3;6.5;5.98752;1.7;39
5;3.4;6.5;0.612;94.8;-99;1.4;2.6;3.56832;0;40
4.5;0.5;6.4;0.502;97.2;-99;0;0.4;2.23776;0;41
1.8;-0.8;3.2;0.383;100;-99;.1;0;1.5552;0;42
1.1;-0.3;2.1;0.359;97.1;-99;0;0;1.31328;0;43
-0.6;-1.4;-0.1;0.367;99.9;-99;0;0;1.37376;0;44
1;-2;6.3;0.826;92.8;-99;.9;7.1;6.98112;0;45
2.2;0.6;3.9;0.588;93.9;-99;.5;2.1;3.64608;0;46
0.1;-1.2;1.1;0.488;90.5;-99;0;0.9;2.8512;0;47
0.4;-2.8;3.6;0.811;89.8;-99;.6;6.1;6.55776;0;48
3.5;0.1;6.6;0.953;88.8;-99;1.7;6.7;7.11936;0;49
3.5;-0.1;7.6;1.241;78.1;-99;2;8;8.15616;0;50
2.9;-1;6.2;0.599;88.8;-99;.8;1;3.12768;3.9;51
4.7;2;8.4;0.62;90.6;-99;1.7;0.6;2.88576;0.9;52
2.8;0.3;6;0.87;87.5;-99;2.1;4.7;6.0912;0;53
2.1;0.8;2.8;0.346;93.2;-99;.2;0;.98496;2;54
3.7;0.4;7.2;0.918;87.4;-99;2.4;4.7;6.2208;0;55
2.2;-1.6;6.8;0.74;93.4;-99;1.4;4.1;5.84064;0;56
3.4;-1.9;9.1;1.45;73.8;-99;2.1;9;9.86688;0;57
3.4;0;7.6;1.071;81.7;-99;1.6;5.5;7.15392;1.5;58
2.8;0;6.1;0.992;84.6;-99;2.3;5.1;6.96384;0;59
3.1;0.3;6.9;0.502;92.4;-99;3.6;0;2.09952;5.9;60
3.4;1.3;6;0.666;91.2;-99;3.1;0.9;4.08672;0.6;61
3.2;0.2;6.7;0.977;86.7;-99;3.4;4.4;7.15392;6;62
3;1;6.7;0.723;94.5;-99;3.6;4;6.87744;0.4;63
3.8;1.1;6.4;0.735;94.6;-99;3;3.2;6.33312;0;64
5.9;2.4;8.5;0.713;93.3;-99;2.5;1;4.43232;0.3;65
7.8;4;11.3;1.901;70.1;-99;4.1;4.5;7.6464;0;66
9.5;4.1;16.5;2.554;61.1;-99;2.8;9.5;12.32928;0;67
5.6;0.1;11.3;1.008;90.9;-99;1.5;3.8;7.2576;0;68
6;2;11.4;1.187;88.4;-99;2.4;5.4;8.83008;0.3;69
5.6;2.3;9.6;1.476;84.5;-99;3.5;8.4;11.84544;0;70
2.5;-1.7;6.8;1.008;86.4;-99;1.7;4.2;7.95744;0;71
3.5;-0.7;8.3;1.454;78.1;-99;2.7;7.2;10.9728;0;72
4.9;2.9;8.3;0.96;88.8;-99;2.6;2.7;6.67008;0;73
5.3;3.2;7.1;0.743;89.4;-99;2;0;3.87936;0;74
7.2;3.5;11.1;1.58;82.4;-99;2.5;6.8;10.96416;0;75
9.6;4.8;14.8;2.352;68.5;-99;3;8.2;12.46752;0;76
8.1;2.9;13.6;2.821;52.3;-99;2.7;10.1;14.54112;0;77
5.5;-2.1;12.4;2.001;62.1;-99;1.2;9.3;13.89312;0;78
2.4;-4.3;9.6;1.199;90.3;-99;1.2;6.4;11.07648;1;79
3.1;0.4;4.4;0.529;93.6;-99;2.1;0;3.024;5.7;80
1.7;-1.2;6.6;1.686;58.8;-99;.8;8.8;13.92768;0;81
3.4;-2.3;10.1;1.734;73.9;-99;1.9;9;14.19552;0;82
4.3;0.1;10.3;1.098;87.4;-99;.5;3.2;8.18208;0;83
6.4;1.4;12.1;1.737;82.8;-99;2.4;8.4;13.8672;0;84
5.7;3.4;7.6;0.723;90;-99;1.8;0;3.7152;0;85
5.6;1.8;10.2;0.864;93;-99;1.6;1.1;6.15168;0.6;86
6.2;4;9.1;1.37;78;-99;3;1.9;7.13664;2;87
8.4;6.2;11.1;0.781;94.6;-99;4.4;0.3;5.45184;10.5;88
5.9;2.1;8.9;1.369;85;-99;6.4;4.8;10.60128;1.9;89
3.7;0.1;8.1;0.485;96.2;-99;4.2;0;3.76704;21.2;90
4;1.9;6.4;1.196;87.7;-99;4.2;4.9;11.04192;4.7;91
3.9;0;6.9;1.544;83.5;-99;4.7;8.2;15.10272;0.5;92
4.7;2;7.7;1.611;83.7;-99;3.5;7.8;14.73984;0;93
4.1;-1.7;9.1;1.68;79.3;-99;1.9;7.3;14.2992;0;94
4.9;-1.4;9.4;2.395;67.4;-99;2.4;11.7;19.63008;0;95
4.2;-0.6;9.8;1.691;80.7;-99;2.2;7.5;14.82624;0;96
4.7;-1.6;10.2;1.11;89.5;-99;2.5;2.8;9.25344;0;97
7.3;1.9;11.2;1.285;91.8;-99;2.8;4.1;10.85184;0;98
7;0.7;14.5;1.666;85.7;-99;1.3;4.9;13.02048;0;99
10.1;0;18.4;2.532;77.1;-99;.9;9.9;18.21312;0;100
13.1;6.8;20.8;3.028;72.9;-99;3.1;9.7;18.16992;0.8;101
9.1;4.5;13.2;2.701;66.1;-99;3.9;7.6;15.61248;0;102
7.7;4.9;12;2.727;68.4;-99;6.6;9.4;18.0576;0;103
7.4;-0.1;12.2;1.195;87.8;-99;2.9;1.4;8.10432;2.1;104
12.3;7.9;20.1;3.023;74.7;-99;4.5;9.6;19.43136;0.3;105
8;5.4;12.4;2.385;75;-99;4.7;8.7;17.60832;0;106
6.8;0.8;11.8;2.146;82.9;-99;3.4;10.4;19.88064;0.7;107
5.4;-1;10.9;2.641;69.4;-99;2.1;12.9;23.1984;0;108
7.9;1.9;14.8;2.705;76.5;-99;1.3;11.9;22.14432;0;109
9.9;2.8;15.6;3.143;69.9;-99;2.8;12.4;22.96512;0;110
9.6;0.8;14.7;3.195;71.6;-99;4;13.7;24.7536;0.1;111
8.7;1.6;14.6;2.383;77.3;-99;1.4;8.5;18.08352;0;112
8.7;2.1;15.6;2.249;87.3;-99;2.4;9.7;19.71648;0;113
10.2;4.4;17.2;2.089;85.6;-99;1.7;6.4;15.51744;0;114
11.1;3.9;16.8;1.438;86.8;-99;1.5;1.2;8.67456;1.7;115
11.7;7;16.8;1.862;89.6;-99;2.5;4.8;13.59936;4.1;116
7.7;5.9;9.9;1.489;85.6;-99;3;2.8;10.94688;4.2;117
7.5;3.6;10.9;2.844;68.9;-99;2.5;11.5;22.7232;0;118
8.5;1.1;14.3;3.144;63.2;-99;2.7;11.5;22.92192;0;119
9.3;6.1;14;2.362;74.2;-99;1.9;6.8;16.5456;2.4;120
7.3;1.4;11.8;2.195;83.2;-99;1.6;8.3;18.7056;0.4;121
6.7;-1;12.5;2.403;79.5;-99;1.8;10;21.15936;0;122
9.8;0.1;16.6;3.216;69.2;-99;2.6;12.1;24.0624;12.6;123
14.5;9.8;19;2.596;82.7;-99;2.8;6.5;16.5024;0;124
15.2;10.9;21.2;1.936;90.4;-99;3.6;3.7;12.75264;17.7;125
12.9;6.2;19.1;3.153;73.7;-99;2.5;9.5;20.79648;0;126
10.4;6.1;14.5;2.099;82.3;-99;3.2;5.2;14.87808;0.2;127
10.7;3.1;17.2;2.935;74;-99;1;9.9;21.59136;0;128
11.9;8;17.2;1.641;86.3;-99;2.1;1.6;10.12608;6.6;129
9.5;2.9;13.7;1.858;81.7;-99;3.9;3.2;12.36384;0.8;130
11.8;1.5;19.4;3.362;67.1;-99;2.4;10.3;22.44672;0;131
14;5.7;24;2.651;76.3;-99;3.2;4.9;14.83488;3.7;132
10.9;5.5;15.5;2.964;73;-99;3.8;8.9;20.5632;0;133
10.2;7.2;13.8;2.222;86.2;-99;2.4;6.9;17.78112;0.1;134
9.1;3.7;13.9;2.193;81.9;-99;1.4;6.1;16.83072;0;135
7.9;2.2;11.4;1.094;91.1;-99;2.7;0;7.94016;0.3;136
9.9;5.3;14;2.94;69.7;-99;3.4;8.6;20.42496;0;137
10.7;5.1;14.3;2.173;80.1;-99;1.9;4.7;14.91264;2.4;138
11.3;5;16.1;2.724;83;-99;2.4;9.1;21.23712;0.4;139
9.7;2.4;16.2;2.338;80.3;-99;1.4;6.5;17.59968;1.2;140
9.4;1.8;15.2;2.651;78.8;-99;1.3;8.7;20.8656;0.1;141
11.4;0.7;18.9;2.697;76.5;-99;.8;7.5;19.23264;0;142
10.8;3.7;14.1;1.731;85.2;-99;1.8;2.1;11.54304;1;143
11;2.6;19.3;2.546;75.7;-99;1;6.6;17.98848;0;144
10.5;4.3;16.4;1.393;87.9;-99;1.2;0.3;8.91648;0.1;145
10.6;4.4;14.7;2.521;73;-99;2.7;5.3;16.26912;0.1;146
10.4;5.9;14.7;2.242;74.7;-99;3;3.4;13.54752;0.1;147
10.7;5.4;17.9;1.774;83.3;-99;2.8;1.8;11.32704;6.2;148
11.4;4.1;16.9;3.434;67.8;-99;2.3;10.8;24.33024;0;149
10.5;5.4;15.2;2.378;81.4;-99;3.1;6.4;17.97984;3.7;150
12.5;4.4;17.4;3.072;68.6;-99;3.5;6.1;17.6688;1.7;151
13.5;9.4;16.4;3.453;67.4;-99;2.6;8.8;21.27168;0;152
15.6;9.3;19.6;3.286;70.6;-99;5.6;3.4;14.06592;0;153
15.4;8;18.8;3.706;66.9;-99;3.6;7.6;19.75968;0;154
12.7;5.6;17.9;4.401;63.2;-99;1.6;16.7;32.13216;0;155
16.8;6.1;25.3;5.169;60.2;-99;2.3;16.5;31.89024;0;156
17.3;6;25.7;3.33;72.9;-99;2.4;6.1;17.89344;0.1;157
12.8;3.8;20.4;3.901;68.6;-99;2.3;13.4;27.71712;0;158
11.8;5.6;15.8;3.239;73.5;-99;2.2;10.2;23.46624;0;159
13.4;7.5;18.5;3.023;68.6;-99;1.7;6.6;18.63648;0;160
13.8;5;20.9;4.291;62.2;-99;1.4;14.7;29.60928;0;161
13.1;3.5;19.1;4.298;75.8;-99;1.5;17;32.68512;0;162
16.7;5.6;24.9;4.256;67;-99;1.3;12.5;26.68896;0;163
19.5;9.6;28.4;3.849;77.1;-99;1.9;8.9;21.83328;4;164
14.4;10.9;17.5;2.545;83.9;-99;2.8;5.2;16.81344;0;165
11.8;7.6;15.5;3.333;64.9;-99;2.9;8.3;21.02976;0;166
11.4;5.1;14.6;2.486;68.9;-99;2.3;3.2;14.14368;0;167
12.2;4.1;18.6;2.945;78;-99;2.1;8.4;21.17664;2;168
12.8;9.7;16.6;1.394;92;-99;2.3;0;9.04608;10.7;169
11.9;9.3;15.9;1.913;87.2;-99;2.8;2.8;13.55616;21.3;170
13.6;10.8;17.4;3.232;86.1;-99;2.9;11.7;25.69536;0.1;171
13.3;10.6;18;2.417;79.6;-99;1.5;4.2;15.47424;5.2;172
13;10.5;16.7;2.029;88.2;-99;1.7;3;13.8672;9.9;173
13.6;8.4;17.6;3.591;79.9;-99;2.1;12.4;26.58528;0;174
12.8;10.9;14.8;1.731;83.8;-99;2.6;0;9.65088;0;175
15.1;10.7;20.3;2.781;82;-99;1.7;5.9;17.85024;0;176
15.9;9.6;21;4.016;74.8;-99;.9;12.4;26.61984;0.6;177
17.1;14.1;21.7;2.191;89.1;-99;2.1;2.4;13.12416;17.9;178
15.8;12.7;20.3;3.873;78.6;-99;2.2;12.2;26.27424;1.5;179
17.7;13.4;23.7;3.956;78.9;-99;1.7;11.1;24.85728;0;180
16.7;11.2;20.3;4.745;75.8;-99;1.9;16.5;32.1408;0;181
18.1;8.6;24.7;5.155;69;-99;1.6;16.7;32.53824;0;182
20.7;14.5;26.5;5.773;65.6;-99;2.6;16.6;32.40864;0;183
23.3;15.9;30.6;5.393;64.5;-99;1.4;13.4;28.08;0;184
25.7;15;32.9;5.636;63.5;-99;1.2;13.2;27.7776;0.1;185
24.7;17.4;31.9;4.572;74.8;-99;1;9.7;23.09472;14;186
18.7;12.1;22.1;4.822;72.6;-99;2.8;14.3;29.16;0;187
19.6;10.6;28;4.482;72.9;-99;1.5;12;26.10144;3;188
16.8;13.8;20.1;2.98;83.1;-99;3.3;6.3;18.45504;0.4;189
13.6;10.9;16.6;3.16;71.8;-99;4.5;5.9;17.83296;0.6;190
13.3;7;17.1;3.49;66.9;-99;4.2;7.4;19.73376;0;191
13.5;4.8;19.9;3.561;66.8;-99;1;10.7;24.21792;0;192
15.8;9.9;21.8;2.003;85.6;-99;1;1.3;11.56896;4;193
16.7;14.4;20.2;2.989;83;-99;1.5;6.5;18.51552;0.5;194
16.8;12.7;21.8;2.976;81.1;-99;.8;6.3;18.16128;0;195
16.5;12.5;20.3;4.488;71;-99;2.3;14.3;28.84032;0.2;196
16;9.1;21.3;3.305;77.1;-99;1.2;8.3;20.76192;0;197
17.7;6.5;25.6;4.093;73.3;-99;1.5;11.5;24.91776;3.6;198
17.7;10.1;23.9;3.428;77.6;-99;1.7;7.9;20.16576;2.5;199
11.9;6.7;15;0.961;95.5;-99;.9;0;5.51232;7.9;200
15.3;9.8;21.1;2.877;78.9;-99;1.6;6.2;17.78976;0;201
18.4;11.1;24.8;3.692;77;-99;2.4;8.8;21.15936;0.3;202
19.5;10.1;26.4;4.302;70;-99;1.3;11.4;24.4944;0;203
16.5;10.6;20.4;3.701;74.7;-99;1.8;10.2;22.87008;0;204
16.7;6.9;24.4;4.307;64.4;-99;1;13.4;27.03456;2.9;205
18.7;12.7;27.2;3.931;75.9;-99;4.3;9.2;21.41856;16.8;206
15;10.1;19.8;3.256;75.1;-99;3;8;19.7424;0;207
14.9;11.5;19.3;1.884;86.8;-99;2.2;1.3;10.92096;1.7;208
15.7;12.7;19.5;1.669;91.7;-99;4.4;1.1;10.6272;0.5;209
14.2;11.6;18.9;2.548;80.8;-99;4.4;4.7;15.18912;6.1;210
13.4;12;15.9;1.279;93.4;-99;4.5;0;8.75232;1.1;211
13.5;8.1;17.4;2.734;71.7;-99;2.4;4.8;15.2928;0;212
13.8;4.4;21.9;3.888;71.2;-99;1.1;14.8;26.94816;0;213
16.9;9.8;24;4.061;72.8;-99;1.5;13.5;25.1856;0;214
19;7;28.6;4.816;63.8;-99;1.6;15.4;27.45792;0;215
22.5;16.2;31.6;4.547;71;-99;2.4;11;21.9888;11.4;216
19.1;15.1;24.5;4.557;70.5;-99;1.6;14.7;26.3952;0;217
21.4;13.6;30.2;4.825;72.8;-99;1.8;14.7;26.2656;0;218
21.3;14.6;26.9;4.084;72.7;-99;1.5;10.7;21.27168;0;219
19.4;15.5;25;2.762;86.2;-99;2.1;5.8;15.336;0.1;220
16.8;9.6;22.4;4.423;67.6;-99;1.5;15.9;27.35424;0;221
19.2;9.1;29.4;4.348;66.6;-99;1.3;13.6;24.408;9.4;222
19.1;15.8;23.5;2.539;95;-99;2.2;6.8;16.20864;0;223
17.5;12.5;21;1.768;91.3;-99;1.6;1.4;9.7632;0;224
18.2;10.6;24.4;4.398;72.1;-99;2;15.2;25.94592;0;225
21.7;16.7;28.1;4.938;69.2;-99;3.6;13.2;23.5008;0;226
21.3;17.9;26.3;2.929;84.4;-99;1.3;6.2;15.1632;1.1;227
20.3;17.1;25.2;3.238;88.5;-99;1.7;9.3;18.65376;0.5;228
20.5;18.2;24.9;2.983;72.8;-99;3.1;2.5;10.67904;0;229
20;12.7;25.8;3.983;68.4;-99;3;8.9;17.96256;0;230
19.2;11.4;26.5;4.864;56.1;-99;2.2;14.4;24.21792;0;231
17.8;7.1;25.3;4.314;57.9;-99;1.5;13.9;23.56128;0;232
18.9;9.2;27.1;4.217;53.5;-99;1.3;12.4;21.66912;0;233
18.7;8.8;27.4;4.27;62;-99;1.5;13.7;22.96512;0;234
19;14.9;24.9;3.8;69.5;-99;2.6;9.8;18.46368;0.1;235
18.9;15.7;24.8;2.421;80.1;-99;2.7;2.9;10.51488;20.9;236
17.1;12.7;21.7;2.189;87.2;-99;2.9;4.5;12.21696;2.5;237
18.6;13.3;24.3;3.428;76;-99;3.2;9.2;17.31456;0.3;238
17.5;14.1;21.3;1.548;85.9;-99;2.2;0;6.34176;15.2;239
16;12.4;21;2.729;84;-99;1.5;8.8;16.632;0;240
16.5;9.4;23.3;3.242;74.1;-99;1.1;11.1;19.01664;0;241
17.3;10.8;23.1;2.08;83.7;-99;1;3.8;10.96416;4.7;242
20.9;15.8;27.2;3.392;81.9;-99;1.3;10.4;18.02304;0;243
18.9;13.4;24.1;2.028;87.7;-99;1.9;3.7;10.21248;0.4;244
14.7;8.8;20.2;2.963;77.6;-99;2.8;10.4;17.72928;0;245
12;6.8;17.1;1.656;89.6;-99;.7;4.1;10.4976;0.87;246
12.8;6;18.9;2.348;77.2;-99;2.1;7;13.68576;1;247
13.3;11.1;16.8;1.926;85.2;-99;4.6;4.9;11.11968;17.2;248
13.9;11.6;16.9;2.378;80.6;-99;5.4;6.3;12.59712;1.4;249
13.5;8.6;18.3;3.234;67.7;-99;2.7;11.4;18.16128;0;250
11.8;6.2;17.9;2.45;84;-99;1.6;10.7;17.17632;0;251
11.5;3.4;18.6;2.538;77.6;-99;1.3;10.7;17.02944;0;252
13.7;5.8;19.7;2.685;80;-99;1.9;10.7;16.9344;0.1;253
13.8;12.3;16.9;1.285;91.2;-99;2.3;1.6;6.98112;13.9;254
15.6;12.2;19.6;2.313;89.3;-99;2;8.8;14.59296;0.47;255
16.1;13.4;19.4;1.706;91.9;-99;2.3;4.6;9.97056;0.7;256
16.7;14.4;20.1;1.61;90.4;-99;2.5;3.2;8.41536;4.5;257
14.2;11.1;18.5;2.449;81.9;-99;4.2;8.9;14.27328;1;258
14.5;9.3;17.9;1.145;89.1;-99;1.9;0.1;4.93344;1.53;259
17.1;14.2;20.4;1.94;85;-99;4.7;3.1;7.97472;0.8;260
14;8.7;18.9;2.392;83.8;-99;3.1;9.9;14.88672;0;261
13.3;9.2;19.5;1.632;91.8;-99;1.1;5.3;10.05696;1;262
12.8;9.3;16.4;1.6;89;-99;2.6;5.1;9.72864;2.63;263
12.9;11.1;15.9;1.38;89.9;-99;1.5;3.3;7.80192;0.4;264
13.3;12;15.7;1.133;91.1;-99;2.1;1.2;5.67648;1.27;265
11.8;7.6;15.3;1.094;95.9;-99;.9;2.1;6.48;0;266
12;6.8;17.3;1.512;87.1;-99;2.6;4.4;8.57952;0;267
12.9;5.5;18.9;2.243;83.1;-99;1.1;10.3;14.10912;0;268
10.8;4.6;16.5;2.057;83.9;-99;1.2;10.2;13.8672;0;269
9.9;2.6;16.8;2.062;84.3;-99;1;11;14.48064;0;270
9.7;1.4;17.6;2.097;81.3;-99;1;11.3;14.5584;0;271
9.7;3.5;17.1;1.558;84.2;-99;.8;6.4;9.92736;0;272
9;1;18.5;1.913;84.7;-99;.6;10.5;13.53888;0;273
8.7;1.7;17.5;1.8;88.5;-99;1;10.7;13.24512;0;274
10.7;3.3;17.9;1.792;87.8;-99;.9;9.4;11.91456;0;275
9.3;-0.1;17.6;1.639;87.3;-99;.7;8.7;11.11968;0;276
10.8;4.6;19.2;1.681;87.7;-99;.7;8.5;10.81728;0;277
11.2;5.4;17.8;1.381;93.2;-99;.8;6.1;8.67456;0;278
13.1;10.4;15.5;1.172;91.6;-99;3.7;3.4;6.20352;0.5;279
12;7.5;14.6;1.014;90.5;-99;3.4;1.4;4.4496;4.3;280
6.9;6.1;7.8;0.4;99.2;-99;1.8;0;1.91808;5.13;281
8.2;5.5;10.9;1.36;75.5;-99;1.4;4.4;6.79968;0;282
5.9;2.7;10.1;1.742;70.9;-99;1.7;10;11.19744;0;283
6.1;2.1;11.1;1.563;77.8;-99;1.6;9.4;10.55808;0;284
4.9;1.5;9.1;1.527;76.3;-99;1.7;9.6;10.61856;0;285
4.8;1.9;7.6;0.666;91.3;-99;.8;0.9;3.66336;0;286
6.7;4.2;9.3;0.794;91.2;-99;2.2;2;4.41504;7.3;287
7.1;6;8.6;0.445;96.2;-99;2.7;0;1.74528;8.33;288
8.3;6.9;8.9;0.332;100;-99;.9;0;.80352;11.37;289
10.1;8.7;11.2;0.396;100;-99;.8;0;1.19232;4;290
9.2;8.1;10.6;0.443;100;-99;1.1;0;1.84896;6.43;291
10.5;6.6;14.1;1.053;95.1;-99;1.4;5.4;6.55776;0;292
9.9;8.2;11.8;0.768;94.7;-99;1.4;1.9;3.96576;0.4;293
9.5;8.3;12.1;0.749;92.7;-99;1.2;1.4;3.50784;0.3;294
10.3;8.2;12.3;0.445;98.1;-99;3.6;0;2.09088;0.7;295
11.4;7.8;13.8;1.424;85.9;-99;3;7;7.28352;0;296
9.7;5.8;12.7;0.905;92.1;-99;1.4;3.6;4.82112;0;297
9.7;5.3;13.8;1.107;90.4;-99;1.9;6.1;6.4368;0;298
6.4;0.8;12.4;1.12;89.2;-99;.7;7.9;7.53408;0;299
6.9;2.7;12.2;1.083;91.1;-99;1.5;7.9;7.43904;0;300
7.5;5;11.3;1.172;83.2;-99;2.1;6.1;6.11712;0;301
5.3;-0.1;11.9;0.9;91.3;-99;.7;5.9;5.90976;0;302
3.7;-1.6;8.5;0.635;98.9;-99;.6;3.4;4.22496;0;303
8.8;5.4;12.7;0.846;94.9;-99;1.6;4.9;5.0976;0;304
6.8;2.1;10.7;0.734;98.4;-99;.8;4.5;4.59648;0;305
7.8;6.1;9.1;0.391;100;-99;.5;0;1.18368;0;306
4.2;2.8;6.3;0.508;100;-99;1.3;2.8;3.46464;0;307
3.7;1.4;6.9;0.525;99.6;-99;.8;2.6;3.2832;0.7;308
8.8;4.6;13.7;0.713;97.9;-99;.5;3.5;3.72384;2.93;309
11.9;9.1;13.7;0.351;100;-99;1.8;0;1.04544;11.53;310
14.7;12.7;16.4;0.616;97;-99;2.9;1.5;2.47104;5.4;311
11.5;7.2;16.1;1.238;86.1;-99;3.3;6.2;5.08896;4.1;312
11.8;9.9;13.7;1.156;85.4;-99;4.1;2.8;3.11904;2;313
13.8;11.3;15.2;0.433;97;-99;4.1;0;.88128;0.8;314
13.9;11.8;15;0.45;96.2;-99;1.1;0;.88992;0;315
11;6.1;14.2;0.852;90.7;-99;2.5;3.5;3.33504;0;316
9.3;5.5;13.5;0.818;88.5;-99;3.1;1.9;2.43648;2.13;317
6.4;4.3;8.9;0.77;91.1;-99;4.7;5;3.99168;2.63;318
6.7;3.9;8.2;0.333;99.7;-99;1.4;0;1.1232;11.7;319
10;4.8;12.2;0.323;98.8;-99;3.3;0;.95904;2.57;320
10.5;9.1;12.3;0.443;98.4;-99;2.9;1.3;1.95264;9.93;321
10.8;8.6;12.7;1.164;85.9;-99;6;3.2;2.8944;3.6;322
9.6;8.1;10.8;0.774;90.2;-99;5.6;0.6;1.56384;8.33;323
7;5.4;8.4;0.477;95.6;-99;2.9;1.4;1.92672;13.13;324
4.9;3;6.2;0.381;95.2;-99;2.4;0;1.00224;1;325
2.1;0.2;3.4;0.547;90.1;-99;2.6;2.5;2.376;3.4;326
1.9;-1.3;4.4;0.694;85.3;-99;1.7;5.1;3.55968;0;327
2.8;1.4;4;0.898;81.3;-99;5.1;2.1;2.14272;0.2;328
3;1.4;5;0.217;99.6;-99;2.8;0;.65664;1.73;329
3.9;-0.4;7.6;0.461;97;-99;.7;2.4;2.19456;0.7;330
1.5;-0.4;3.6;0.317;99.3;-99;.6;0.1;1.14912;0;331
2.3;0.2;6.4;0.33;94.7;-99;2.6;0;.65664;5.5;332
6.7;3.3;9.7;0.726;89;-99;6.3;0.1;1.13184;5.63;333
4.6;2.8;7.4;0.716;86.8;-99;4.1;1.6;1.75392;5.33;334
5.4;3;7.6;0.67;89.2;-99;2.6;3.9;2.54016;1.53;335
8.6;4.9;10.7;0.423;94.7;-99;2.2;0;.69984;0;336
8.6;6.4;9.4;0.835;86.4;-99;3.4;2.1;1.77984;0;337
7.3;4.8;9.9;0.79;86.2;-99;4.2;0.3;1.06272;0.4;338
8.4;7.4;9.2;1.882;70.7;-99;7.6;1.4;1.45152;0;339
8.8;6.1;11;1.54;74.1;-99;5.9;0;.84672;0.53;340
6.8;3;10.5;0.464;96.6;-99;.7;2.1;1.73664;0;341
8.1;5.9;11.3;0.476;98.5;-99;1.7;3.6;2.2896;0.53;342
6.9;3.1;9.3;0.47;94.4;-99;2.1;1.5;1.45152;0;343
4.8;2.9;6.4;0.804;86.3;-99;5.1;3.6;2.23776;1.23;344
4.8;2.7;6.7;0.513;90.6;-99;4.7;0;.27648;1.1;345
5.1;2.8;7.4;0.463;94.2;-99;2.6;2.2;1.67616;14.43;346
4.6;0.1;9.1;0.487;93.7;-99;3.1;2.9;1.92672;0.5;347
1.4;-0.9;2.7;0.306;99.9;-99;.9;1.1;1.27008;0.2;348
3.1;1.8;3.8;0.323;97.5;-99;0;0;.69984;0;349
4.3;1.6;7.6;0.334;99;-99;.5;0.2;.91584;2.3;350
10.7;7.6;12.4;0.268;99.9;-99;2;0;.38016;0.93;351
11.1;9.4;12.4;0.573;93.3;-99;2.5;1.3;1.33056;0.9;352
10.5;8.9;11.7;0.742;89.9;-99;3.1;2.5;1.74528;0;353
9.9;8.1;11.1;0.574;92.3;-99;3;0.6;1.06272;0.3;354
9.8;8.2;11.2;0.716;90.7;-99;5;1.1;1.24416;2.87;355
10;6.1;12.6;0.711;89.8;-99;5;0;.48384;3.3;356
10.3;4.2;12.7;1.148;82.9;-99;5.3;1.1;1.2528;0.4;357
6.6;3.1;10.8;0.531;93.9;-99;3.3;3.2;2.02176;0.93;358
7;5.2;10.7;0.817;86;-99;3.1;3.9;2.28096;2.5;359
11.8;6;13.4;0.557;92.9;-99;4.5;0;.18144;1.8;360
10.4;6.2;12.4;0.823;86.4;-99;3.6;0;.75168;1.37;361
5.3;3.5;7.3;0.605;86.8;-99;2.7;0;.79488;0;362
3.4;1.5;4.4;0.683;86.6;-99;4.5;1.8;1.53792;0;363
1.1;-1.1;2.8;0.63;86;-99;4.1;2.6;1.84896;0;364
-0.1;-1.9;1.6;0.838;72.6;-99;2.8;2.2;1.69344;1.1;365
