Field_ID   Ti Typ date      BDdec recompaction
           cm
SOYSM1     30 1   02151981  0.9   1.0
SOYSM1     30 1   02151982  0.9   1.0
SOYSM1     30 1   02151983  0.9   1.0
SOYSM1     30 1   02151984  0.9   1.0
SOYSM1     30 1   02151985  0.9   1.0
SOYSM1     30 1   02151986  0.9   1.0
SOYSM1     30 1   02151987  0.9   1.0
SOYSM1     30 1   02151988  0.9   1.0
SOYSM1     30 1   02151989  0.9   1.0
SMSOY2     30 1   02151981  0.9   1.0
SMSOY2     30 1   02151982  0.9   1.0
SMSOY2     30 1   02151983  0.9   1.0
SMSOY2     30 1   02151984  0.9   1.0
SMSOY2     30 1   02151985  0.9   1.0
SMSOY2     30 1   02151986  0.9   1.0
SMSOY2     30 1   02151987  0.9   1.0
SMSOY2     30 1   02151988  0.9   1.0
SMSOY2     30 1   02151989  0.9   1.0
end
