tavg;tmin;tmax;ET0;relhumid;vapp14;wind;sundu;globrad;precip;jday
C_deg;C_deg;C_deg;mm;%;mm_Hg;m/s;hours;J cm-2 d-1;mm;
55;2;-----;-----;-----;-----;-----;-----;------;-- -;-
1.1;-1.1;2.3;0.1;84;-99;3.6;0;-99;0.61;1
0.4;-0.7;1.2;0.2;72;-99;4.7;7;-99;0.61;2
1;-2.8;4.2;0.1;88;-99;7;0.1;-99;13.55;3
0.7;-1.1;3.4;0.1;89;-99;3.7;0;-99;3.66;4
-2.2;-5.4;0.4;0;76;-99;3.9;7.2;-99;1.94;5
-4.7;-7.3;-2.7;0;74;-99;4.6;2.3;-99;1.74;6
-0.2;-4.1;2.2;0.3;75;-99;9.3;3.3;-99;0.91;7
-1.9;-5.1;0.4;0;74;-99;4.7;5.4;-99;1.18;8
1.6;-0.4;2.9;0.1;89;-99;5.2;3.6;-99;0;9
1.8;-1.1;3.3;0.1;87;-99;2.9;0;-99;0.84;10
-1.2;-3.6;1;0.1;69;-99;5.3;3.8;-99;0.02;11
2.1;-0.7;5.2;0.9;50;-99;6.4;5.4;-99;0.08;12
3.3;1.7;4.7;0.6;77;-99;5;0;-99;2.93;13
2.5;2;3;0.1;97;-99;2.7;0;-99;2.41;14
2.4;1.3;2.8;0;100;-99;2.9;0;-99;0.2;15
-0.1;-1.5;1.5;0.1;90;-99;4.4;2.3;-99;0.16;16
-0.8;-1.8;1;0;88;-99;5;0;-99;0.18;17
3;1;4.5;0.2;92;-99;4.4;1.2;-99;10.35;18
3;1.6;4.5;0.4;82;-99;5.2;5.1;-99;0.96;19
4;2;5.9;0.4;80;-99;3.6;5.3;-99;0.06;20
0.9;-0.8;3.4;0.1;90;-99;2;2.3;-99;0.07;21
0.7;-1.6;3.1;0.2;88;-99;3.9;4.6;-99;0.13;22
1.2;-0.1;2.9;0.3;83;-99;7.2;1.6;-99;2.21;23
3;1.3;4.3;0.2;92;-99;3.6;0;-99;2.72;24
2.6;-1.5;4.6;0.2;90;-99;3.1;4.3;-99;0.31;25
-1.3;-2.4;-0.5;0;99;-99;2.9;0;-99;0.02;26
-1;-4.3;0.7;0;99;-99;1.8;0.1;-99;0;27
-2.4;-4.4;-0.3;0;100;-99;1.8;0;-99;0.01;28
-4;-5.3;-2.7;0;99;-99;1.9;0;-99;0.04;29
-0.5;-3.5;2.1;0;95;-99;2.3;0;-99;0.07;30
1.1;-0.4;2.6;0.2;84;-99;3.7;0;-99;0.66;31
-1.6;-4;-0.4;0;78;-99;4.5;0;-99;1.69;32
-0.6;-1.4;0.7;0.2;78;-99;5.2;0.4;-99;0.25;33
0.3;-1.1;1;0.3;82;-99;4.5;0;-99;0.12;34
0.9;-0.2;1.9;0.1;91;-99;2.7;0;-99;0.14;35
2.1;1.2;4;0.1;93;-99;3;0.6;-99;0.51;36
4;0.9;7.1;0.3;86;-99;3.2;2;-99;0.27;37
1.3;0.5;2;0.1;95;-99;2.8;0;-99;7.45;38
1.7;0;3.4;0.4;88;-99;5.3;1.9;-99;1.93;39
0.9;-1;2.9;0.3;85;-99;3.4;2;-99;0.11;40
0.3;-0.3;1.4;0.1;93;-99;4.9;0;-99;12.32;41
1.1;0.5;1.7;0.5;87;-99;11.8;1;-99;0;42
0.4;-0.6;1;0.1;79;-99;10.2;0.8;-99;0.01;43
-0.2;-1.5;0.9;0.2;81;-99;4.3;7.2;-99;0.03;44
-0.4;-2.8;1;0.1;85;-99;7.2;4.4;-99;0.01;45
0.6;-0.2;1.2;0.1;93;-99;4.6;0;-99;2.08;46
-0.2;-2.6;0.6;0;96;-99;2.8;0;-99;1.03;47
-1.4;-3.7;0.5;0.1;79;-99;5.4;5.7;-99;0.72;48
-1.8;-2.9;0.3;0;78;-99;4.8;0.9;-99;0.08;49
0.3;-0.4;0.8;0.1;98;-99;5.7;0;-99;2.53;50
0.3;-0.8;1.3;0.1;95;-99;1.7;0;-99;1.11;51
-0.1;-1.5;1.3;0;89;-99;2.2;0;-99;5.13;52
3.5;0.9;5.9;0.4;94;-99;7.2;0.1;-99;1.45;53
1.9;1.1;3.3;0.4;89;-99;8.8;0;-99;0.05;54
1.5;0.6;2.5;0.4;83;-99;4;4.3;-99;0.14;55
4.4;2.5;5.7;0.3;91;-99;4.9;0;-99;2.99;56
4.9;3.4;6.2;0.8;87;-99;7.6;0;-99;7.4;57
3.5;2.5;4.7;0.6;91;-99;8.2;0.7;-99;1.25;58
4.1;1.9;6.7;0.5;87;-99;3.1;1.3;-99;0.09;59
5.4;3.9;8;0.5;90;-99;4.2;0.1;-99;0.27;60
4.8;3.2;8.4;0.5;89;-99;4.7;0.5;-99;0.56;61
6;3.4;9.4;0.9;72;-99;3.2;5.1;-99;0.15;62
4.9;2.7;7.1;0.6;80;-99;6;2.1;-99;0.01;63
5.8;3.4;9.5;0.5;85;-99;3.4;4.1;-99;1.18;64
3.6;2.6;5.1;0.3;91;-99;3.4;0;-99;1.4;65
2.8;1.8;3.7;0.3;96;-99;4.2;0;-99;0.42;66
4.2;1.7;7.2;0.3;87;-99;3.9;0.4;-99;6.97;67
3.8;0.7;6.7;0.7;85;-99;4.3;2.6;-99;9.14;68
4.6;2.9;6.5;0.9;86;-99;5.9;5.3;-99;6.26;69
3.5;2.4;4.9;0.5;93;-99;6.1;2.2;-99;0.07;70
3.9;1.5;6;0.5;89;-99;3.5;0.9;-99;36.96;71
4.7;3.5;6.6;0.6;92;-99;5.5;0.5;-99;1.87;72
7.6;3.6;11.5;0.9;78;-99;2.7;2.8;-99;1.46;73
5.2;3.9;7.7;0.5;97;-99;4.2;0;-99;0.49;74
6;4;8.8;0.8;85;-99;2.5;2.2;-99;1.61;75
5.8;4;7.3;2;83;-99;10;9.2;-99;0.6;76
4.7;3.5;6.2;1.3;85;-99;8.2;7.7;-99;0.01;77
4.4;1.8;5.9;1.6;79;-99;5.3;10.4;-99;0.11;78
2;0.3;4.1;1.3;66;-99;2.6;10.4;-99;0.24;79
2.8;-0.1;5;1.1;80;-99;5.7;3.4;-99;0.53;80
5.4;4;6.9;1;88;-99;10.9;1.8;-99;0.33;81
4.8;2.5;6.2;0.8;89;-99;9.5;0;-99;22.47;82
1.9;-1.2;3.6;1.2;72;-99;11;5.7;-99;0.23;83
1.4;-2.2;4.7;1.01;62;-99;4.6;1.8;-99;0.05;84
3.7;0.3;6.8;0.6;79;-99;3.7;0.2;-99;1.76;85
6.1;4.1;9;1.5;79;-99;4.2;5.6;-99;4.72;86
6.4;3.4;10.9;1.3;78;-99;3;3.6;-99;22.85;87
5.1;4.1;6.4;0.69;93;-99;2.9;1.9;-99;0.22;88
5.1;3.2;8.2;1.2;82;-99;3.6;6.6;-99;0.28;89
7.2;2.7;10.4;1.4;66;-99;3.3;0.7;-99;0.67;90
6;3.7;7.8;0.6;93;-99;3.2;0.8;-99;0.21;91
7.9;4.2;15.2;1.9;76;-99;3.6;10.3;-99;0.01;92
8.7;3.7;18;2.3;67;-99;3.2;12.4;-99;0.06;93
10;5.5;16.7;2.2;71;-99;3.2;10.8;-99;0;94
7.9;5.4;9.4;1.8;80;-99;4;9.8;-99;0.16;95
9.2;3.7;15;1.8;71;-99;3.2;8.3;-99;0.17;96
12.3;6.1;20;2.4;67;-99;5.3;7.4;-99;0.02;97
11.5;7.3;16.7;1.4;79;-99;3.1;4.1;-99;8.72;98
10;8;12.7;2.4;76;-99;3;12.1;-99;0.39;99
12.4;7.8;18.6;3;60;-99;4.9;12.1;-99;0.14;100
12.5;7.4;18.8;3;59;-99;5.4;12.7;-99;0.01;101
11.4;6.6;18.8;2.4;71;-99;3.8;12.6;-99;0.03;102
12.5;6.8;18.9;2.4;72;-99;3.7;12.3;-99;0.07;103
11.2;8.1;17.1;2.4;78;-99;3.6;12.4;-99;0.08;104
11.6;6.8;19.6;2.7;69;-99;3.4;12.4;-99;0.33;105
11.3;6.4;19;2.9;67;-99;4.4;12.7;-99;0.87;106
7;5.2;9.8;2.4;81;-99;6.2;13.2;-99;0.25;107
7.5;4.2;11.7;2.5;74;-99;5.3;13.8;-99;0.32;108
7.4;3.1;13.3;2.8;48;-99;3.9;13.9;-99;0.04;109
6.6;1.7;10.5;2.7;73;-99;3.1;13.9;-99;0.35;110
9.9;4.4;16.9;2.6;63;-99;3.6;13.6;-99;0.14;111
7.1;6;8.8;1.2;84;-99;4.7;3.4;-99;0.18;112
7.7;5.6;10.6;2.8;81;-99;5.2;13.5;-99;0.32;113
11.5;4.3;19;3.5;51;-99;3.3;13.7;-99;0.69;114
14.3;6.9;20.8;4.41;46;-99;5.7;13.1;-99;0;115
17.2;11.2;23.9;4;48;-99;3.6;12.5;-99;0.13;116
15.3;10.8;23.8;3.8;62;-99;3.8;5.9;-99;0.52;117
15.7;10.8;22.9;3.3;64;-99;3.4;5.9;-99;0.3;118
11.3;9.5;13.3;2.4;87;-99;3.4;8.8;-99;0.15;119
10.8;8.5;15.1;3;81;-99;4;12.9;-99;0.52;120
10;6.5;16.3;3.1;70;-99;4.3;14.3;-99;0.64;121
9.8;5.4;12.4;3;74;-99;1.9;13.9;-99;0.34;122
10.7;8.4;13.7;1.8;86;-99;1.8;0;-99;5.35;123
9.4;5.8;11.6;2.5;74;-99;7.5;9.5;-99;0.42;124
9;6.1;12.7;1.7;83;-99;5;3.1;-99;1.11;125
10.4;7;11.9;2.9;81;-99;9.8;8.2;-99;4.79;126
11.5;5.7;16.6;1.8;80;-99;4.1;1.9;-99;0.17;127
13.4;6.9;20.1;2.91;75;-99;5;5.1;-99;4.95;128
12.5;6.6;17.6;3.4;64;-99;3.5;11.4;-99;0.15;129
12.4;10.8;14.1;3.4;74;-99;3.6;13.9;-99;0.12;130
11.3;8.4;13.7;2.4;71;-99;3.6;12.1;-99;0;131
11.2;9;13.4;3;69;-99;5.6;15.2;-99;0.04;132
11;5.4;14.9;3.3;72;-99;4.1;15.2;-99;0.44;133
11.2;6;16.6;3.8;52;-99;4.2;14.8;-99;0.27;134
11.6;7.2;16.9;3.3;55;-99;4.6;9;-99;0.1;135
10.3;8.7;12.3;1.5;87;-99;2.8;5.3;-99;4.54;136
12.4;6;18.2;2.5;82;-99;4.4;5.7;-99;2.77;137
14.7;11.6;19.4;2.7;76;-99;2.2;7.8;-99;8.71;138
15.4;10.2;19.6;3.1;73;-99;2.9;9.7;-99;0.2;139
15.4;12.9;18.6;3.6;68;-99;3;11.3;-99;0.27;140
16;11.1;22.6;3;71;-99;3.6;9.2;-99;13.8;141
12.3;9.6;14.7;2.9;80;-99;5.8;8.5;-99;2.25;142
12.4;10.2;14.6;2.8;78;-99;7.2;10.9;-99;0.4;143
15.4;10.8;20.7;3.7;69;-99;3.4;12.4;-99;0.09;144
12.8;11.2;14.6;2.8;79;-99;3.9;9.4;-99;0.42;145
18;12.1;28.5;4.1;74;-99;5.9;8.8;-99;4.94;146
13.4;11.1;16.4;3.4;66;-99;7.2;6.7;-99;1.53;147
12.8;10.5;14.8;3.8;73;-99;11.1;10.7;-99;2.56;148
13.5;11.6;15.3;3.7;73;-99;8.2;13.2;-99;0.13;149
14.8;12.4;18.2;3.6;69;-99;7.6;9.9;-99;0.27;150
14.5;11.8;17.5;3.9;80;-99;5.3;15.5;-99;0.13;151
15.8;12.3;18.8;4.4;76;-99;3.1;15.5;-99;0.07;152
16.1;12.5;19.2;4.6;79;-99;6.5;12.2;-99;0.46;153
12.6;8.9;15.9;2.9;73;-99;9.5;5.5;-99;5.77;154
10.6;6.3;13.9;3;73;-99;7;7.9;-99;7.35;155
11.3;6.3;14.2;3.2;69;-99;7.6;9.3;-99;5.07;156
11.6;7.4;15.7;3;69;-99;3.7;7.1;-99;0.34;157
10.9;9.2;12.6;1.5;83;-99;3.8;0.1;-99;1.62;158
11.9;9.1;14.4;2;85;-99;2.7;0.7;-99;6.5;159
13.6;9.4;17.5;1.5;87;-99;3.2;3.2;-99;1.83;160
14.8;12;17.4;2.8;77;-99;4;7.1;-99;0.3;161
13.4;10.6;17.5;1.6;84;-99;6.4;0;-99;15.9;162
12.3;10.5;14.9;3.2;75;-99;15.8;4.8;-99;7.4;163
13.1;11.5;15.1;3.8;73;-99;15;13.1;-99;0.18;164
14.7;11.5;18.8;3.1;75;-99;6.1;8.4;-99;0.45;165
14;12.5;16.7;3.1;77;-99;7.4;8.3;-99;0.03;166
13.1;11;15.7;3.3;66;-99;9.4;8.7;-99;0.08;167
13.9;11.7;16.9;3.6;61;-99;9.4;11.9;-99;0.06;168
16;13.8;19;3.8;67;-99;9.4;8;-99;0.12;169
14.6;12.1;18.1;3.1;70;-99;9.4;5.1;-99;2.49;170
13.9;10.1;16.8;3.1;76;-99;9.4;10.2;-99;0.07;171
13.6;11;16;2.8;74;-99;9.4;7.9;-99;2.68;172
14.8;9.9;17.8;3.8;75;-99;9.4;15.7;-99;0;173
16.7;14.7;19.4;4.9;74;-99;9.4;15.7;-99;0;174
17.7;14.7;21.4;5.2;68;-99;7;15.7;-99;0;175
16.3;14.9;18.8;2.1;83;-99;6.3;2.2;-99;7.9;176
17.8;14.8;22.1;2.7;75;-99;4.2;7.8;-99;0.09;177
17;13.6;20.3;3.3;76;-99;3.5;8.7;-99;0.49;178
15.9;13.5;19.2;1.8;86;-99;3.6;1.8;-99;0.11;179
15.6;13.4;18.6;1.8;91;-99;2.5;3.5;-99;0.97;180
16.4;15.1;18.2;2.9;93;-99;2.6;6.3;-99;0.1;181
18;15.7;21.1;3.7;92;-99;2.2;10.1;-99;0.48;182
19.8;16.8;22.1;4.4;84;-99;2.9;15.5;-99;0.06;183
20.8;16.8;25.8;4.8;73;-99;3.2;15.7;-99;0.02;184
19.8;17.6;21.9;3.8;80;-99;3.8;9;-99;0.01;185
18.9;16.9;21;1.99;85;-99;4.1;2.4;-99;0.4;186
18.8;15.4;21.6;3.7;78;-99;2.5;9.2;-99;1.8;187
18.6;14.9;23.7;3.9;74;-99;3;8.2;-99;3.46;188
16.3;13;19.9;3.1;78;-99;4.2;7.5;-99;4.63;189
15.6;11.3;18.8;3.2;71;-99;6.3;8.6;-99;0.04;190
13.8;10.8;17.7;2.3;84;-99;5.4;1.6;-99;12.34;191
15.2;12.2;18.7;2.9;74;-99;5.1;5.2;-99;1.73;192
16.3;11.5;20.7;3.3;76;-99;2.9;6.9;-99;2.78;193
18.2;15.5;20.9;3.6;80;-99;3.3;9;-99;1.42;194
18.9;15;21.8;3;76;-99;2.4;7.5;-99;0.13;195
20.4;17.5;25.9;3.8;80;-99;2.6;9;-99;1.59;196
20.3;16.7;23.6;4.4;74;-99;2.9;12.3;-99;0.12;197
21.4;17.2;29.1;4;71;-99;4;6.9;-99;6.11;198
18.5;16.7;21.1;2.2;82;-99;3.5;1.3;-99;7.83;199
17.3;14;20.8;2.9;77;-99;4.3;7;-99;0.11;200
16.1;13;20.2;3.2;77;-99;6.5;7.5;-99;10.16;201
17.4;11.9;21.7;3.8;73;-99;3.8;10.3;-99;0.02;202
20.1;16.1;23.2;2.5;79;-99;2.9;2.7;-99;1.89;203
20.1;16.9;26.2;2.7;81;-99;5.2;2.9;-99;16.58;204
17.1;13.3;21.6;2.5;82;-99;3.6;3.7;-99;13.84;205
16;12.9;19.8;2.39;84;-99;6.1;5.5;-99;9.37;206
17.2;15;20;3.3;71;-99;7.1;7.7;-99;0.03;207
22.1;16.4;28;4.9;55;-99;3.3;8;-99;0.28;208
18.6;15.9;21.4;3.3;71;-99;5.4;9.8;-99;0.38;209
21;15.1;26.1;4.1;55;-99;3.2;7.4;-99;0.04;210
19.1;13.3;23.4;3.9;65;-99;5.3;6.2;-99;0.67;211
17;11.8;21.4;3.6;70;-99;4.9;14.3;-99;0.42;212
19.5;13.2;25.4;4.1;56;-99;2.9;10;-99;0;213
23;17.5;29.4;4.2;59;-99;4;7.5;-99;8.28;214
17.7;14.6;18.9;1.7;86;-99;5.9;0.1;-99;5.97;215
17.8;14.1;20.4;2.5;85;-99;3.5;4;-99;0.09;216
19.2;15.5;22.4;3.3;81;-99;2.8;13.2;-99;0.45;217
19.8;15.6;24.1;3.3;78;-99;3;12.5;-99;0.17;218
21.7;16.7;28.3;3.8;71;-99;3.4;13.1;-99;0.28;219
23.1;17.7;29.3;4.1;57;-99;3.6;8.2;-99;0.27;220
23.2;18.8;28.9;4.1;52;-99;3.6;9.4;-99;0.01;221
20.8;17.1;28.4;3.7;64;-99;3.4;6.3;-99;9.91;222
18.2;17.1;20.4;2;81;-99;5.2;1.8;-99;0.52;223
17.9;16;21;2.5;79;-99;6.9;4.5;-99;0.92;224
17.4;14.3;19.7;3.2;75;-99;8.8;7.3;-99;9.72;225
16.9;14.3;19.5;3.1;64;-99;7.2;8.9;-99;0.04;226
20.3;14.3;26.7;3.6;57;-99;3.7;7.7;-99;0.11;227
20.3;16.7;24.7;3.6;71;-99;4.3;11.7;-99;0.08;228
18.5;14.2;22.3;2.7;76;-99;5.2;4.4;-99;1.7;229
17.9;14.1;20.6;2.6;73;-99;7.8;9.7;-99;0.2;230
18.9;12.9;25.4;3.4;69;-99;3.2;13.3;-99;0.08;231
24.8;16.3;32;5.4;48;-99;5.7;13.3;-99;0;232
19.1;15.7;21.6;1.6;87;-99;3.1;0.2;-99;2.83;233
17.6;14.1;20.2;2.7;71;-99;4.2;11.4;-99;0.34;234
18.3;11.7;24.3;3;59;-99;2.7;10.7;-99;0.32;235
19.9;14.7;25;4;50;-99;4.9;12.8;-99;0.03;236
19.5;15;26.5;2.8;71;-99;3.2;6.4;-99;0.98;237
19;16.6;21.7;2.8;71;-99;4.3;10.2;-99;0.13;238
21.2;15.5;27.8;3.5;58;-99;2.5;10.6;-99;0.23;239
19.4;13.7;24.6;2.4;71;-99;3.9;2.8;-99;0.14;240
14.3;11;19.8;2.3;72;-99;4.7;7.5;-99;0.89;241
14;11;19.2;1.9;76;-99;4.5;5.7;-99;0.89;242
17.8;11.9;24.1;2.6;64;-99;3.5;5.4;-99;0.15;243
21.6;15.5;31.4;4.1;56;-99;4.6;11.1;-99;1.47;244
18.1;15.1;22.1;2.4;69;-99;3.4;6.7;-99;0.06;245
16.5;13.7;19.3;1.8;73;-99;4.6;2.2;-99;2.1;246
15.8;12.8;19.5;2.7;60;-99;6.2;9.1;-99;0.38;247
15.1;12.6;17.3;2.3;77;-99;9.1;1.4;-99;6.38;248
15.5;13.2;17.9;1.4;82;-99;6.5;2;-99;0.7;249
16.5;13.3;19.4;1.5;71;-99;3.1;1.1;-99;0.08;250
20.1;13.3;26.8;2.9;57;-99;3;11.9;-99;0.06;251
19.1;16.4;26.2;2.7;68;-99;3.6;8.6;-99;0.21;252
16.9;14.6;19.1;1.7;79;-99;6.7;6.1;-99;1.6;253
16.3;14.8;17.9;1.8;74;-99;5.1;11.3;-99;0.1;254
16.1;13.3;17.8;1.7;77;-99;6.6;8.1;-99;0.42;255
15;13.3;16.9;1.8;82;-99;10.1;3.3;-99;2.88;256
15.9;14.4;18.6;1.8;79;-99;5.1;6.3;-99;3.53;257
16.2;13.4;20.4;1.9;74;-99;3.8;11.2;-99;0.34;258
15.7;14.2;17.5;1.6;79;-99;4.2;9.5;-99;0.07;259
14.3;10.4;17.5;1.3;69;-99;3.9;7.6;-99;0.26;260
14.3;8.3;20.3;1.7;72;-99;2.4;10;-99;0.41;261
16.5;11;23.2;2;62;-99;3.8;11.5;-99;0.21;262
16.4;11.3;21.7;1.9;72;-99;2.7;10.9;-99;0.5;263
15.2;12.1;17.6;1.6;71;-99;4.1;9.1;-99;1.16;264
16;11.1;21;1.9;65;-99;4.6;3.7;-99;2;265
16.1;13.8;18.4;1.5;75;-99;6.3;3.6;-99;0.65;266
14.7;10.3;17.7;1.5;77;-99;7.2;9.5;-99;0.67;267
14.8;10.5;17.9;1.2;81;-99;4.9;6.7;-99;0.35;268
14.4;11.6;17.6;1.2;83;-99;3.6;8.7;-99;0.56;269
14.4;9.9;18.2;1.4;77;-99;3.4;10.5;-99;0.44;270
14.9;12.2;16.8;0.7;87;-99;6.4;0;-99;6.34;271
13;11.4;14.8;1.5;72;-99;9.6;4.3;-99;5.43;272
11.9;9.5;14.2;1.1;67;-99;5.7;2.2;-99;1.24;273
11.8;8.8;13;1.7;77;-99;11.8;3.1;-99;2.01;274
10;6.3;11.6;1.1;74;-99;8.2;4.2;-99;11.71;275
11.3;6;14.6;1.3;84;-99;6.7;0.2;-99;11.01;276
11.9;9.1;13.9;1.7;74;-99;8.2;5.5;-99;4.56;277
10.8;7.9;14.1;1.2;70;-99;5;8.1;-99;0.63;278
12.2;6.5;17.4;1.1;77;-99;3.8;8.5;-99;0.33;279
14.3;10.8;17.6;0.9;87;-99;5;0;-99;10.43;280
11.7;10;13.7;1.2;76;-99;5.6;5.3;-99;1.67;281
9.5;5.8;11.4;1;69;-99;6.4;7.4;-99;0.06;282
7.9;4.9;10.5;0.6;82;-99;3.9;2.7;-99;1.72;283
8.9;7.9;10.8;0.3;92;-99;2.2;0;-99;0.82;284
8.9;7.8;10.2;1.3;78;-99;9.7;2;-99;4.81;285
7.6;6.3;8.7;1;71;-99;10;3.6;-99;0.74;286
6.6;5.2;8.1;1.1;63;-99;11.8;6.4;-99;0.51;287
6.5;4.9;8.1;0.7;72;-99;9.9;2;-99;3.52;288
6.4;4.5;8.3;0.5;81;-99;6.2;0;-99;6.84;289
7.8;6.4;9;0.9;81;-99;9.7;0.3;-99;3.3;290
6.6;3.4;8.3;0.6;79;-99;5.1;5.2;-99;1.28;291
6.7;2.6;11.3;0.4;83;-99;3.4;0.9;-99;0.42;292
6.4;3.5;10.5;0.69;73;-99;3.6;8.8;-99;0.02;293
6.8;3.5;11.1;0.5;80;-99;3.5;6.1;-99;0.12;294
6.9;6;7.6;0.4;82;-99;3.9;0;-99;0.08;295
7.5;5.5;9.3;0.3;81;-99;2.1;0;-99;0.24;296
8.1;7.1;9.5;0.3;86;-99;2.2;0;-99;0.23;297
10.9;8.1;14.2;0.5;89;-99;3.6;0.1;-99;1.25;298
11.1;9.4;12.9;0.5;90;-99;3.8;0.3;-99;2.31;299
10.6;10.1;11.3;0.5;83;-99;8.1;0;-99;0.65;300
9.2;8.5;10.2;0.2;93;-99;2.9;0;-99;2.74;301
7.5;4.4;9;0.4;90;-99;2.7;0;-99;1.05;302
6.3;4;9.4;0.4;73;-99;2.4;5.7;-99;0.61;303
5.6;2.9;7.6;0.5;72;-99;3.2;2.2;-99;0.01;304
4.1;1.8;6.3;0.4;79;-99;6;2.2;-99;0.2;305
4.8;3.3;6.1;0.3;91;-99;4.9;0;-99;6.69;306
4.5;3.2;5.8;0.4;93;-99;5.5;0;-99;8.79;307
0.6;-0.4;3.2;0.1;91;-99;5.6;0;-99;5.27;308
4.6;0.2;7.4;0.2;93;-99;2.8;0.4;-99;2.45;309
8;6.1;9.5;0.3;87;-99;3.3;0.3;-99;1;310
7.1;4.7;10.3;0.4;82;-99;4;3.5;-99;0.01;311
4.7;2.7;6.4;0.1;94;-99;3.6;0;-99;0.53;312
7;6.4;7.6;0.3;92;-99;6.4;0;-99;3.58;313
6.3;4.8;7.2;0.2;94;-99;2.3;0;-99;2.09;314
6;4.4;7.8;0.2;88;-99;2.9;0;-99;0.04;315
5.6;3.2;6.6;0.1;97;-99;2.5;0;-99;0.67;316
7.1;3.3;11.5;0.19;95;-99;4.1;0;-99;5.97;317
11.6;9.9;13;0.4;83;-99;3.9;0;-99;0.15;318
10.1;8.8;12.3;0.4;82;-99;3.4;2.6;-99;4.54;319
9;8.1;9.8;0.3;92;-99;3.4;0;-99;1.19;320
9.7;8.6;10.7;0.3;87;-99;3.9;0;-99;0.19;321
9;8.1;10.3;0.9;84;-99;7.8;0;-99;5.84;322
10.7;8.3;12.3;0.6;80;-99;5.1;0.5;-99;0.5;323
11;7.3;14.4;0.6;71;-99;4.8;5.9;-99;0.11;324
10.7;8.8;13.3;0.2;87;-99;3.5;6.5;-99;0.29;325
10.8;8.9;12.8;0.4;81;-99;4.2;0;-99;0.24;326
9.1;8.2;10.3;0.6;78;-99;6;0.1;-99;6.73;327
9.4;8;11.9;1;86;-99;5.9;3.7;-99;6.37;328
11.8;8.3;13.4;0.8;76;-99;5.7;0.7;-99;0.85;329
9;7.3;10;0.6;76;-99;6.2;1.7;-99;0.1;330
6.6;5.8;7.6;0.5;87;-99;5;0;-99;11.94;331
7;5.6;8.4;0.4;84;-99;4.7;1.4;-99;1.34;332
8.1;5.4;9.8;0.5;84;-99;3.6;0;-99;0.34;333
6.8;4.9;8.5;0.2;85;-99;3.2;0;-99;0.2;334
5.6;3.4;7.4;0.2;81;-99;7;0;-99;0.02;335
2.6;-1.9;4.6;0.2;78;-99;2.7;2.1;-99;0.05;336
3.4;0.1;5.4;0.2;87;-99;5.4;0;-99;0.02;337
3.4;2.3;4.9;0.1;89;-99;3.9;0;-99;0.06;338
3;2;3.9;0.2;90;-99;3.6;1.8;-99;8.29;339
5.5;3.9;8.2;0.1;94;-99;4;0.3;-99;5.78;340
6.6;4.2;9.3;0;94;-99;3.1;0;-99;0.59;341
4.3;2.2;5.8;0;95;-99;3.9;0;-99;0.17;342
5.3;4.4;6.6;0.1;95;-99;1.9;0;-99;0.08;343
5;4.3;5.6;0.1;93;-99;3.7;0;-99;1.17;344
5.1;3.9;6;0.2;86;-99;5;0;-99;5.27;345
3.6;2.1;4.6;0.3;88;-99;5.5;0.1;-99;10.63;346
1.6;-0.7;3.1;0.1;86;-99;2.6;1.4;-99;0.1;347
1.6;0.6;2.4;0;86;-99;3.1;0;-99;0.26;348
0.8;-0.4;2.7;0.1;83;-99;2.6;5.6;-99;0.14;349
-1.2;-3.2;0.2;0;74;-99;3.2;6.1;-99;0.11;350
-1;-3;1.4;0;87;-99;4.3;0;-99;1.38;351
-7.2;-10.6;-2.3;0;83;-99;3;0;-99;0.18;352
-10.4;-11.9;-9.7;0;79;-99;2.5;3.3;-99;1.28;353
-10.7;-13.2;-8.7;0;81;-99;4.3;3.3;-99;0.36;354
-6.5;-9;-3.7;0;88;-99;3.1;1.5;-99;0.02;355
-1.5;-4.1;2.1;0.1;88;-99;5.6;0;-99;1.09;356
0;-3;1.2;0.1;91;-99;3.2;0;-99;0.53;357
-0.7;-3.9;1.1;0;95;-99;4.8;0;-99;0.1;358
1.7;1;2.8;0.2;93;-99;4.3;0;-99;6.03;359
4.1;1.6;5.2;0.8;87;-99;8;0;-99;5.7;360
3.3;1.7;4.5;0.3;83;-99;4;0.8;-99;0.38;361
2.8;1.5;3.7;0.2;91;-99;5.9;3.3;-99;1.17;362
-1.8;-3.8;2.7;0;94;-99;3.7;1.9;-99;0.32;363
-0.5;-3.3;1.7;0.1;80;-99;3.5;0;-99;0.62;364
0.7;0;1.3;0.2;80;-99;3.1;0;-99;0.77;365
