tavg;tmin;tmax;ET0;relhumid;vapp14;wind;sundu;globrad;precip;jday
C_deg;C_deg;C_deg;mm;%;mm_Hg;m/s;hours;J cm-2 d-1;mm;
55;2;-----;-----;-----;-----;-----;-----;------;-- -;-
4.6;3.8;5.6;0.4;80.96;-99;5.5;0.067;-99;0;1
6.4;3.4;9.1;1.3;79.21;-99;10.4;1.767;-99;1.86;2
4.8;3.3;5.6;0.8;82.38;-99;9.8;0;-99;3.68;3
4.7;4.4;5.1;0.5;79.5;-99;12.2;3.183;-99;0.14;4
4.6;3.4;5.4;0.3;94.54;-99;7.4;0;-99;6.4;5
3.3;1.1;4.4;0.2;91.46;-99;3.2;0;-99;0.08;6
4.1;1;6.4;0.2;86.54;-99;4.8;2.8;-99;0.14;7
4.9;2.7;6.8;0.3;89;-99;6.3;0;-99;8.33;8
6.3;4.9;7.3;1.2;80.88;-99;10.6;0.75;-99;6.51;9
7.8;4;12.1;1.5;83.08;-99;10.2;0;-99;4.12;10
4.3;2.1;5.5;1;80.42;-99;11.4;0.6;-99;2.92;11
7;4.7;9.2;0.7;87;-99;6.7;0;-99;1.49;12
7.4;5;9.7;0.5;91;-99;5.1;0;-99;4.84;13
4.3;1.8;6.9;0.7;82.96;-99;4.5;0.967;-99;1.95;14
4.7;1.3;8.9;0.7;84.88;-99;5.4;0;-99;1.98;15
6.5;4.7;7.9;0.8;72.96;-99;5.1;3.483;-99;0.1;16
3.4;0.3;5.3;0.4;80.75;-99;3.8;6.25;-99;0;17
1.1;-0.4;2.3;0.2;82.71;-99;3;0.3;-99;0.1;18
0.8;-0.4;2.2;0.1;85.42;-99;3.2;0.117;-99;0;19
1.3;-0.1;2.1;0.1;91.21;-99;2.3;0;-99;0.12;20
0.1;-2.9;1.6;0.1;89.79;-99;2.8;0.033;-99;0;21
0;-2.9;2.6;0.1;95.71;-99;2.4;0.667;-99;0.12;22
0.3;-2;1.4;0.1;80.13;-99;3;0.367;-99;0;23
0.2;-2.2;3.7;0.1;83.17;-99;5.2;2;-99;0.13;24
2.9;1.6;3.8;0.2;92;-99;5.7;6;-99;0.37;25
3;1.7;4.8;0.2;96.17;-99;4.9;0;-99;9.46;26
3.9;3.2;4.4;0.5;87.88;-99;9.2;3.117;-99;0;27
3.7;1.8;5.6;0.4;88.46;-99;5.9;0;-99;0.87;28
1.9;0.7;3.3;0.6;82.17;-99;6;0;-99;0.38;29
1.5;0.6;2.5;0.1;90.13;-99;3.8;0;-99;0.06;30
1.2;-1.5;2.5;0.3;87.17;-99;7.8;0.567;-99;0.72;31
0.4;-1.6;2.3;0.3;86.88;-99;4.1;2.95;-99;0.34;32
1.2;-0.6;2.5;0.3;86.25;-99;7.9;0.167;-99;1.33;33
-0.5;-1.3;0.9;0;84.5;-99;6.9;0.383;-99;0.9;34
-0.3;-1.2;0.1;0;80.88;-99;4.9;0;-99;0.06;35
-0.2;-3.1;2.5;0.3;85.38;-99;1.9;3.317;-99;0;36
-3;-7;0;0.1;96.46;-99;2.4;0.667;-99;0;37
2.6;-0.9;4.4;0.3;90.75;-99;9.4;0;-99;0;38
2.6;0.3;3.9;1.2;72.79;-99;12.1;8.067;-99;0.4;39
3.9;3.2;4.6;0.5;94.33;-99;8.4;2.517;-99;0.3;40
3.8;2.8;4.8;0.4;94.88;-99;6.1;0.583;-99;0;41
2.4;1.2;3.1;0.2;95.63;-99;3.7;0.767;-99;0;42
1.3;-0.1;2.2;0.2;86.67;-99;2;0;-99;0;43
-0.4;-1.5;0;0;93.96;-99;2.6;0;-99;0;44
1.2;-2.1;6.6;0.5;88.17;-99;2.9;8.283;-99;0;45
2.6;0.9;4.5;0.4;85.33;-99;4.2;2.617;-99;0;46
0.5;-0.8;1.9;0.3;82.5;-99;7.3;0.533;-99;0;47
0.7;-2.1;3.3;0.4;84.25;-99;3.4;6.75;-99;0;48
4;0.8;7.3;0.7;80.96;-99;4.1;6.8;-99;0.21;49
4.3;1.6;8.4;1.1;67.63;-99;4.7;8.1;-99;0;50
3.6;0;6.7;0.6;79.38;-99;4.7;0.033;-99;2.37;51
4.8;2.4;8.2;0.8;86.29;-99;4.4;0.083;-99;0.86;52
3.4;1.9;6.3;0.7;76.88;-99;3.7;3.683;-99;0;53
2.7;1.2;3.7;0.5;84.92;-99;4.4;0;-99;0.42;54
4.3;1.6;7.2;0.7;79.04;-99;5.1;4.833;-99;0;55
3.7;1.6;6.6;0.5;81.46;-99;3.1;2.733;-99;0;56
4.9;1.3;9.5;1.1;64.25;-99;3.7;8.967;-99;0;57
3.6;1.4;6.5;0.8;76.17;-99;3.8;2.7;-99;0.46;58
3.5;1.4;6;0.8;76.58;-99;4.4;4.85;-99;0;59
3.8;1.9;6.8;0.7;82.29;-99;4.6;0.35;-99;1.32;60
3.8;1.9;5.6;1.1;83.96;-99;6;0.35;-99;4.46;61
3.6;0.5;6.7;1;78.63;-99;5.4;5;-99;1.95;62
3.6;1.4;7;0.8;83.79;-99;5.6;4.733;-99;1.82;63
4;2.5;5.6;0.6;89.63;-99;6.4;6.8;-99;0;64
6.6;4.4;8.6;0.7;79.83;-99;4.5;0.033;-99;0;65
8.7;5.3;11.8;1.5;62.04;-99;5.5;2.583;-99;0;66
10.8;5.5;17.2;2.4;54.29;-99;4.6;9.617;-99;0;67
5.5;4.3;7.4;0.9;87.46;-99;4.1;5.1;-99;0;68
6.1;4.1;8.7;1;85.83;-99;5;6.367;-99;0;69
5;2.9;6.9;1.1;87.04;-99;6.1;8.383;-99;0;70
3.8;1.5;6.6;0.8;79.83;-99;2.8;6.05;-99;0;71
3.9;1.8;7.2;1;73.75;-99;4.7;3.283;-99;0;72
4.9;3.6;7.1;0.7;83.88;-99;5.4;0.533;-99;0;73
5.6;3.6;7.5;0.6;80.79;-99;3.9;0.15;-99;0;74
7.8;4.3;11.4;1.3;73.13;-99;4.9;9.667;-99;0;75
10.2;5.8;14.7;1.9;62.79;-99;5.1;8.983;-99;0;76
8.8;4.5;13.8;2.4;48;-99;5;10.6;-99;0;77
5.8;2.3;12.6;1.8;62.75;-99;2.8;11.233;-99;0.43;78
3.5;0.1;7.4;1.2;82.17;-99;3.4;4.1;-99;0;79
3.2;1.3;4.1;1;86.08;-99;4.6;0;-99;1.28;80
2;0.1;5.1;1.6;56.33;-99;3.3;8.783;-99;0.01;81
4.5;0.1;10.1;1.9;61.83;-99;3.3;10;-99;0;82
4.6;2.2;6.9;0.8;80.79;-99;2.1;1.117;-99;0;83
7.1;2.7;12.4;1.4;72.25;-99;3.1;7.567;-99;0;84
6;4.9;8.3;0.8;81.29;-99;4.1;0;-99;0;85
5.7;4.5;8.8;0.7;86.75;-99;2.7;0.1;-99;0.45;86
6.7;4.5;9.3;1.2;70.75;-99;4.3;0.767;-99;0.46;87
8.8;6.8;11.1;1.3;86.63;-99;4.7;0.567;-99;4.63;88
5.8;4;8;1.7;83.54;-99;12.3;5.367;-99;2.71;89
4.2;0.6;7.9;1.2;87.71;-99;9.8;0;-99;11.47;90
4.4;2.4;5.7;1.8;81.42;-99;13;6.067;-99;0.57;91
4.5;0.5;6.4;1.7;78.42;-99;9.3;7.467;-99;1.55;92
5.3;3.7;7;1.6;79.04;-99;8.6;10.05;-99;0;93
5.4;3.9;7.7;1.8;77.92;-99;4.3;11.5;-99;0;94
5.6;3.5;7.7;2.2;75.33;-99;5.8;12.483;-99;0;95
5.2;2.3;7.2;1.6;75.96;-99;5.5;11.9;-99;0;96
5.2;1.2;8.3;1;83.38;-99;5.6;1.75;-99;0;97
7;5.2;9.2;1.4;88.33;-99;5.3;3.45;-99;0;98
7.3;4.6;10.8;1.6;79.71;-99;2.6;8.383;-99;0;99
9.8;5.4;14.5;2.2;72.33;-99;3;11.45;-99;0;100
13.8;6.7;21.6;3.6;63.17;-99;5.1;10.083;-99;2.03;101
10;6.1;13.6;2.8;55.79;-99;5.6;6.333;-99;0;102
7.4;5.5;12.3;2.4;71.79;-99;12.4;9.933;-99;0.04;103
8.1;2.8;12.8;1.4;79;-99;5.9;0.8;-99;0.79;104
11.6;7.5;18.8;3.5;73.5;-99;7;9.817;-99;0.08;105
7.9;6.4;10;2.2;77.29;-99;9.6;9.1;-99;0;106
7.2;5.6;9.7;2.1;78.96;-99;7.6;7.533;-99;1.46;107
7.4;5.4;9.9;2.5;66.25;-99;4.7;12.717;-99;0;108
7.8;5.2;9.6;2.3;79.17;-99;3.6;11.767;-99;0;109
9.7;7.9;11.9;2.9;74;-99;5;12.05;-99;0;110
10.2;7.9;12.1;3.2;75.96;-99;7;13.733;-99;0;111
9;7;11.2;2.2;74.67;-99;4.3;10.383;-99;0;112
8.9;6.7;11.6;2.3;84.92;-99;6.1;8.167;-99;0;113
9.4;7.1;12.5;1.9;87.67;-99;3;5.883;-99;0;114
12.6;9.8;17.6;1.61;76.67;-99;3;0.233;-99;1.14;115
11;7.2;16;1.6;85.46;-99;4.2;2.583;-99;0.57;116
7.9;6.1;10.1;1.7;78.58;-99;5.9;1.683;-99;2.2;117
8;6.1;9.6;2.2;64.83;-99;4.9;13.067;-99;0.7;118
9.3;2.9;13.9;3.1;58.04;-99;4.1;9.067;-99;0;119
9.4;7.2;13;2.1;68;-99;3.3;6.017;-99;1.67;120
7.8;5.4;10.2;2.1;79;-99;3.9;11.817;-99;0;121
8.4;4.5;10.6;2.3;75.75;-99;3.2;12.917;-99;0;122
11.3;5.1;17.6;3.6;62.38;-99;4.6;11.217;-99;4.13;123
13.8;10.4;17.9;2.8;81.38;-99;4;6.133;-99;1.92;124
15.8;11.1;22.3;2.8;79.42;-99;5.2;3.433;-99;4.5;125
13.9;9.2;19.9;3.4;64.25;-99;3.9;10.083;-99;0.16;126
11;9.2;13.6;2.4;72.83;-99;5.1;7.6;-99;0;127
10.1;6.7;12.1;2.5;72.54;-99;4.2;11.3;-99;0.05;128
12.3;8.6;16.8;1.9;75.5;-99;3.7;0.65;-99;0.66;129
10.2;7.6;12.4;2.1;79.83;-99;8;6.333;-99;0.79;130
14.1;6.6;20.2;3.9;58.13;-99;3.7;11.617;-99;0;131
14.6;8.8;23.5;3.3;68.83;-99;5.4;4.667;-99;0;132
11.3;8.6;14.5;2.9;71;-99;7.8;5.517;-99;0.01;133
10.5;8.9;12.8;2.1;79.71;-99;6.8;8.7;-99;0.03;134
10.3;8.2;12.5;2.1;71.54;-99;4.9;6.467;-99;0;135
9.5;6.5;11.7;1.1;78.33;-99;5.9;0;-99;0.07;136
10.5;8.5;13.1;2.9;70;-99;9;9.517;-99;0.32;137
11.7;7.7;15.4;2;70.96;-99;3.8;1.9;-99;0.24;138
11.1;7.8;14.5;2.6;76.46;-99;4.2;6.667;-99;0.7;139
11.1;7;16.4;2.7;71.92;-99;2.7;8.5;-99;0.9;140
10.4;6.5;13.5;2.6;74.83;-99;3.4;10.15;-99;0;141
12.5;6.4;17.7;3;71;-99;3;12.3;-99;0;142
11.9;9.9;13.6;2.3;77.83;-99;5.2;7.417;-99;0.64;143
11.5;9.9;13.4;3.1;73.25;-99;3.5;11.05;-99;0;144
11.8;8.5;14.4;2.2;80;-99;4.2;1.283;-99;0;145
11.8;10.2;14.4;2.9;70.58;-99;7.7;8.6;-99;0.21;146
11.4;9.7;13.7;2.4;72.5;-99;8.3;6.533;-99;0;147
12;7.5;17.8;2.4;72.63;-99;4.5;2.117;-99;1.78;148
12.6;5.9;17.1;3.4;62;-99;3.8;9.95;-99;0;149
10.9;7;13.9;2.8;72.46;-99;5.5;5.9;-99;0.13;150
13.3;6.2;17.5;3.1;64.17;-99;4.3;3.933;-99;0.07;151
13.2;10.8;16.4;3.4;70.63;-99;5.3;10.833;-99;0.5;152
16.1;10.7;19.9;3.1;66.58;-99;5.8;2.017;-99;0.06;153
15.6;11.6;18.9;3.6;67.5;-99;7.2;9.95;-99;0;154
12.8;10.9;15.1;3.7;67.38;-99;4.2;14.667;-99;0;155
18.4;10.2;26.4;5.2;51.88;-99;4.9;15.067;-99;0;156
17.4;12.8;23.4;4.1;68.63;-99;5.2;8.467;-99;0.26;157
14.1;8.8;18.6;4.4;67.13;-99;5.2;16.067;-99;0;158
13.2;11.6;15;3.3;69.29;-99;6.2;12.233;-99;0;159
14.2;11.2;17;3.4;68.67;-99;4.6;11.733;-99;0;160
14.4;10.2;17.8;4.2;63.29;-99;2.9;16.567;-99;0;161
14.1;12.3;15.6;3.8;77.21;-99;3.5;16.183;-99;0;162
16.8;10.8;22.2;3.9;74.04;-99;3.2;13.9;-99;0;163
20.6;14.3;29.8;4.1;68.83;-99;3.7;8.917;-99;3.47;164
14.6;11.9;15.8;2.1;80.71;-99;7.2;4.467;-99;0;165
12.6;10;15.1;3.4;63.67;-99;8.4;8.25;-99;0;166
12.7;11.4;14.2;2.4;63.25;-99;7.5;4.55;-99;0;167
14;11.4;18.1;3.2;70.54;-99;4.9;4.55;-99;0.59;168
13.6;11.4;15.3;2.2;83.71;-99;8.1;0.6;-99;1.46;169
12.7;10.3;15.3;2.3;81.17;-99;9.3;3.083;-99;4.15;170
13.9;12.2;16.3;3;83.33;-99;7.9;6.6;-99;0.73;171
13.2;11.8;15.3;2.6;75.04;-99;4.9;5.717;-99;0;172
13.6;11.4;16.9;2.4;81.08;-99;3.3;2.45;-99;1.18;173
14.4;11.4;16.7;2.7;77.75;-99;4.8;8.633;-99;0;174
13.5;11.4;14.9;1.9;77.46;-99;7.9;0.2;-99;0.05;175
14.7;13;17.2;2.8;79.63;-99;4;7.6;-99;0;176
15.8;13.6;18.2;3.2;71.75;-99;2.1;8.867;-99;0.06;177
17.4;14.3;22.3;2.6;81.67;-99;4.7;2.3;-99;4.91;178
16.1;13.9;18.7;3.5;73.21;-99;5.2;8.083;-99;2.55;179
17.7;14.7;21.6;4.3;77.67;-99;3;9.567;-99;0.67;180
17;14;18.9;4.3;77.29;-99;3.8;15.983;-99;0;181
19.1;13.1;26.3;4.8;69.33;-99;3.1;16.45;-99;0;182
22.2;16.1;28.6;6;58.38;-99;4.6;16.433;-99;0;183
23.1;17.9;31.4;5.5;61.67;-99;3.4;13.633;-99;0;184
23.9;17.9;34.9;5.9;71.46;-99;1.9;14.7;-99;1.34;185
24;19.9;29.6;4.9;71;-99;2.6;10.367;-99;5.64;186
19.2;16.2;21.4;4.7;70.92;-99;6.9;13.817;-99;0;187
19.5;13.6;24;4.8;68.96;-99;2.9;9.283;-99;0.31;188
17;13;20.1;3.3;77.13;-99;5.2;6.25;-99;2.33;189
14.5;13.2;16;3.4;67.83;-99;12.9;5.017;-99;0.47;190
14.6;12.9;16.6;3.7;64.92;-99;12.8;7.833;-99;0.04;191
15;13.1;17.1;3.3;65.5;-99;3.6;10.467;-99;0;192
17;14.2;20.8;2.2;75.25;-99;3.7;1.217;-99;0.64;193
16.9;15.4;18.7;2.8;81.46;-99;3.6;5.3;-99;0;194
17.5;15.2;19.7;2.6;76.54;-99;2.9;8.733;-99;0;195
17.1;15.3;19.4;4;66.46;-99;5.6;13.217;-99;0;196
16.4;13.4;19;3.1;71.38;-99;2.8;6.667;-99;0.18;197
20.1;11.8;26.6;4;65.79;-99;3.2;11.883;-99;0.03;198
18.9;13.9;22.1;3.89;75.42;-99;5.1;8.017;-99;2.72;199
13.9;12;15.9;1.2;80.04;-99;2.6;0;-99;2.11;200
16.4;13.4;19.3;3.1;76.29;-99;5.3;8.4;-99;0;201
19;15;23.1;3.8;76.67;-99;4.6;10.55;-99;1.51;202
19.7;15.3;23.9;4.2;70.54;-99;3;10.5;-99;0;203
17.3;14;19.1;3.3;70.71;-99;5.7;6.567;-99;0;204
17.2;11.9;20.6;3.8;67.79;-99;3.8;14.183;-99;0;205
19.2;14.1;27.6;4.1;70.46;-99;4.9;7.267;-99;1.54;206
16.3;14.3;18.9;3.5;68.63;-99;9;8.217;-99;3.24;207
16;13.7;19.7;2;75.96;-99;3.7;0.717;-99;1.54;208
16.4;13.8;19.5;2.3;81.13;-99;5.5;2.767;-99;0.57;209
14.8;12.3;18.2;2.7;73.25;-99;5.3;4.7;-99;0.21;210
14.1;12.9;16.4;2.1;86.67;-99;7.6;0;-99;4.9;211
14.8;13.1;17.1;2.7;67.38;-99;8.8;3.767;-99;0.1;212
15;10.1;18.4;3.4;67.5;-99;3.5;12.117;-99;0;213
16.6;12.3;19.5;3.7;79.29;-99;2.5;11.983;-99;0;214
21.1;12.4;30;4.4;59.42;-99;3.2;14.75;-99;0;215
23.9;17.9;33.3;5;61.5;-99;5.1;10.167;-99;4.95;216
18.6;16.5;21.2;3.6;72.08;-99;4.5;13.533;-99;0.07;217
21.7;15.4;29.1;4.3;69.63;-99;3.8;14.183;-99;0;218
20.1;18.2;24.5;3.7;76.63;-99;3;7.1;-99;0.06;219
18.9;17.2;20.7;2.4;87.17;-99;4.1;5.1;-99;2.45;220
18.3;14.7;21.7;3.8;62.08;-99;3.8;14.317;-99;0;221
18.7;14.4;22.7;3.6;72.42;-99;3.4;10.467;-99;0.23;222
18.2;17.1;19.7;2.9;93.5;-99;3.5;4.117;-99;4.45;223
17.8;15.6;19.4;1.7;90.08;-99;2.6;1.45;-99;0;224
17.9;15.1;21.7;3.4;78.63;-99;3.9;14.317;-99;0;225
22.6;17.7;28;4.2;64.21;-99;4.8;13.05;-99;0;226
19.7;17.1;22.8;2.61;85.75;-99;2.1;4.8;-99;0;227
17.7;16.6;19.4;2.7;95;-99;3;6.083;-99;0;228
20.4;17.7;25.2;3.2;72.46;-99;3.5;2.1;-99;0.04;229
20.7;16.3;25.5;3.1;64.25;-99;3.7;7.283;-99;0;230
20.7;15.4;27.6;3.5;52.38;-99;3.2;13.6;-99;0;231
19.8;13.9;26.4;3.7;56.29;-99;3.1;13.317;-99;0;232
19.7;13.8;27.2;3.7;53.96;-99;3.4;11.8;-99;0;233
18.2;13.9;23.1;3.4;67.67;-99;3.3;13.45;-99;0;234
19.7;15.3;25.5;3.2;62;-99;3.5;9.4;-99;0;235
19.6;16.3;24.5;2.5;70.54;-99;4.3;2.367;-99;3.55;236
17.5;14.8;21.1;2.4;80.38;-99;4.3;4.033;-99;4.55;237
19.5;14.6;24.7;2.9;68.29;-99;3.8;7.483;-99;0.18;238
18.1;14.1;21.6;1.7;77.08;-99;3.5;0;-99;3.56;239
16.4;13.7;19.8;2.4;80.04;-99;3.7;7.2;-99;0.06;240
16.6;12.6;19.5;2.5;73.96;-99;3.1;10.45;-99;0;241
18;14.3;21.5;1.8;74.88;-99;2.7;3.817;-99;0.57;242
19;15.7;22.1;2.4;81.38;-99;2.6;8.083;-99;0;243
19.2;15.3;22.9;1.9;79.33;-99;5.6;1.75;-99;0.06;244
15.9;12.2;20.6;2.2;66.79;-99;4.4;9.167;-99;0;245
14.1;11;17.2;1.4;75.08;-99;2.4;5.017;-99;0.78;246
14.6;11.2;18.9;1.8;69.92;-99;3.2;2.267;-99;0;247
14.1;12;16.5;2.3;77.5;-99;7.8;4.6;-99;9.78;248
15.1;13;16.4;2.4;74.88;-99;13.2;5.267;-99;4.02;249
15.2;13.3;17.3;2.3;63.46;-99;8.1;10.983;-99;0;250
15.1;12.5;17.4;1.9;69.17;-99;5.2;10.783;-99;0;251
14.4;9.7;18.1;1.9;70.29;-99;3.1;11.383;-99;0;252
15.5;11.8;20.1;1.9;73.46;-99;2.6;11.3;-99;0;253
14.4;12.8;16.9;1.1;83.21;-99;3.4;0.167;-99;2.34;254
16.2;13;20;1.7;80.29;-99;3.8;7.817;-99;2.38;255
16.8;13.8;20.6;1.5;82.13;-99;4.3;3.017;-99;0.16;256
17.2;15.2;20.7;1.41;81.67;-99;4.3;4.3;-99;2.37;257
14.7;11.8;18.3;1.6;73.5;-99;4.3;8.283;-99;0;258
15.1;11.8;18.2;1.1;79.63;-99;3.6;0.067;-99;0.6;259
17.4;14.1;20.1;1.9;77.04;-99;4.6;1.4;-99;0.12;260
15.4;12.4;19.3;1.8;71.67;-99;4.3;9.433;-99;0;261
14.5;12;16.9;1.3;79.96;-99;4;2.85;-99;0;262
14.3;12.7;15.9;1.6;77.83;-99;8.6;4.833;-99;1.71;263
13.7;12.7;15.5;1;79.58;-99;5;2.4;-99;0.1;264
13.9;12.8;15.9;0.9;82.13;-99;3.3;0.033;-99;0.32;265
12.5;10.4;14.9;0.8;87.88;-99;2.2;1.133;-99;0;266
13.2;9.5;17.5;1.1;79.83;-99;3.8;4.333;-99;0;267
13.6;10.7;15.9;1.3;80.58;-99;3.3;10.133;-99;0;268
14.4;13.4;16;1.3;72.67;-99;6;10.017;-99;0;269
13.8;12.3;15.5;1.2;76.42;-99;4.9;9.333;-99;0;270
13.5;10;15.9;1.2;79.33;-99;3;11.15;-99;0;271
11.9;7.1;16.7;1;81.42;-99;2.5;5.583;-99;0;272
11.2;5.7;15.5;1;82.83;-99;2;11.4;-99;0.04;273
11.3;7;15.1;1;85.42;-99;4;10.267;-99;0;274
12.8;9.1;15;0.9;81.88;-99;4.6;7.417;-99;0.01;275
12.1;6.5;18.1;0.9;80.13;-99;2.3;6.833;-99;0;276
12.9;9.8;16.1;1;86.83;-99;3.3;8.2;-99;0;277
12.4;8.4;16.9;0.7;90.46;-99;2.9;5.517;-99;0;278
13.7;10.9;16.7;0.8;80.38;-99;5.3;0.617;-99;0.16;279
12.4;8.2;14.9;1;80.71;-99;6;0.017;-99;1.92;280
7.6;6.8;8.5;0.7;89.25;-99;4.6;0;-99;2.64;281
8.8;6.4;11.7;0.9;70.04;-99;2.7;0.3;-99;0;282
6.9;3.7;10.2;1.1;62.63;-99;3.1;9.8;-99;0;283
7.4;3.8;11.3;0.9;67.63;-99;2.6;9.733;-99;0;284
6.1;3.4;9.7;0.9;66.17;-99;3.2;9.233;-99;0;285
5.8;3.3;8.4;0.5;75.58;-99;1.9;0.117;-99;0;286
7.3;5;9.8;0.6;80.08;-99;3;0.483;-99;3.55;287
7.7;6.6;9.3;0.9;85.96;-99;3.4;0;-99;2.43;288
8.6;7.5;9.4;0.4;93.08;-99;2.8;0;-99;3.33;289
9.9;8.4;11.2;0.3;96;-99;1.6;0;-99;0.81;290
9.3;8.2;11.1;0.3;95.46;-99;2.3;0;-99;2.46;291
11;9.4;12.8;0.5;86.58;-99;3.5;3.983;-99;0;292
10.5;9.2;11.9;0.5;84.33;-99;3.8;0.75;-99;0.1;293
10.7;9.1;12.7;0.5;78.83;-99;4.1;0.317;-99;0;294
10.9;9.2;12.6;0.4;87.96;-99;5;0.017;-99;0.1;295
11.9;9.2;13.1;0.8;80.08;-99;7.6;8.383;-99;0;296
10.7;8.2;13.2;0.5;78.54;-99;2.8;0.85;-99;0;297
11;7.5;12.8;0.7;82.08;-99;6;6.183;-99;0;298
8.4;5.2;12.7;0.6;80.71;-99;2.6;8.3;-99;0;299
8;4.4;12.8;0.5;80.71;-99;3.7;8.733;-99;0;300
8.3;5.8;12.3;0.6;74.58;-99;3.4;7.2;-99;0;301
6.9;4.5;10.4;0.4;81.5;-99;2.6;6.917;-99;0;302
6;3.1;9.5;0.2;91.17;-99;2.5;3.017;-99;0;303
9.9;6.3;12.8;0.5;81.63;-99;3.1;4.467;-99;0;304
8.5;6.5;10.8;0.3;89.75;-99;2.6;2.917;-99;0.12;305
8.6;6.1;9.4;0.1;93.67;-99;1.8;0;-99;0;306
4.9;3.2;7.7;0.1;96;-99;2.1;3.533;-99;0;307
5;1.9;7.3;0.1;90.46;-99;2.3;1.783;-99;0;308
10.1;7.1;13.4;0.3;86.54;-99;2.4;1.333;-99;0.94;309
12;10.4;13.5;0.3;95.08;-99;2.9;0;-99;1.37;310
14.7;12.8;17;0.8;89.38;-99;4.8;0.3;-99;4.86;311
11.8;9.8;14.5;0.9;82.04;-99;7.3;7.233;-99;0;312
12.1;10.7;14.1;1.2;80.88;-99;6.2;2.317;-99;1.52;313
13.7;11.6;15.5;0.9;90.33;-99;8.3;0.117;-99;0.08;314
13.9;12.2;14.9;0.5;87.29;-99;6.6;0;-99;0;315
11.8;8.9;13.8;0.6;82.08;-99;5.5;5.233;-99;0;316
10.3;7;13.9;0.6;78.42;-99;4.7;1.633;-99;0.41;317
7.1;5;8.7;1.2;80.67;-99;6.5;2.467;-99;8.93;318
7.5;6.9;8.6;0.2;92.92;-99;2.9;0;-99;2.54;319
10.3;7;12.2;0.6;90.92;-99;4.3;0;-99;1.56;320
10.6;9.2;12.6;0.5;88.88;-99;3.8;0.45;-99;3.64;321
11.1;9.4;13.6;1.5;80.71;-99;9.3;2.767;-99;2.85;322
10;8.8;11.4;1.7;81.58;-99;7.6;0.3;-99;3.74;323
7.6;5.8;9.2;0.6;86.42;-99;4.7;0.567;-99;9.39;324
5.3;3.9;6.3;0.4;85.83;-99;4;0;-99;1.48;325
2.8;0.7;4.9;0.4;79.75;-99;6.3;1.683;-99;0.57;326
3.5;0.5;5.3;0.7;69.75;-99;5.6;7.15;-99;1.14;327
3.4;2.1;4.7;0.5;74.63;-99;5.6;0.117;-99;0.15;328
3.3;1.8;5.1;0.2;93.21;-99;3.7;0;-99;0.07;329
5.5;1.9;7.1;0.2;84.25;-99;4.7;4.883;-99;0.16;330
2.3;0.2;4.1;0.1;91.21;-99;4.3;0.283;-99;0;331
3.8;1.1;7.3;0.4;82.25;-99;6.1;0.767;-99;1.72;332
7.3;3.8;9.6;1.2;80.58;-99;7.5;0.133;-99;3.37;333
5.3;3.1;7.1;1;79.96;-99;8.5;1.783;-99;4.15;334
6.5;5;7.5;0.5;82.04;-99;9.5;3.783;-99;0.52;335
9.2;5.3;10.9;0.7;84.83;-99;4.6;0;-99;0;336
9.4;7.1;10.1;0.5;76.5;-99;4.4;0.033;-99;0;337
8.2;5.6;9.8;0.69;76.38;-99;6.1;1.633;-99;0.13;338
9.3;8.5;10.7;0.8;62.33;-99;7.9;0.1;-99;0;339
9.8;7.8;11.6;0.8;69.08;-99;7.4;1.1;-99;0;340
7.8;5.6;9.9;0.2;82.92;-99;3.6;2.8;-99;0;341
9.1;7.6;11.7;0.2;88.92;-99;3.5;4.483;-99;0.1;342
7.8;5;9.6;0.4;84.88;-99;4.7;2.083;-99;0.03;343
5.8;4.5;7.1;0.4;76.67;-99;6.3;4;-99;0;344
5.5;4;7;0.6;83;-99;5.6;0;-99;0.54;345
5.8;2.9;7.1;0.5;84.83;-99;5.6;1.667;-99;2.06;346
5.6;2.3;8.9;0.6;85.25;-99;8.7;2.85;-99;6.28;347
2.8;0.7;6;0.1;90.04;-99;3.1;0;-99;0.38;348
3.5;2.3;4.2;0.2;89.38;-99;2.6;0;-99;0.3;349
4.8;1.8;8.1;0.1;90.29;-99;4.1;0;-99;0;350
11.1;8.1;13.5;0.4;91.33;-99;3.8;0;-99;0.13;351
11.6;9.7;12.8;0.5;83.75;-99;4.5;1.533;-99;0.15;352
11.4;10;12.7;0.4;80.17;-99;4.5;2.117;-99;0;353
11;9.2;12.1;0.4;80.33;-99;4.4;0;-99;0;354
10.3;8.5;11.6;0.8;80.21;-99;5.6;1.55;-99;2.72;355
10.4;7.9;13.1;0.8;82.96;-99;7.2;0;-99;1.23;356
10.9;6.1;13.4;0.9;75.33;-99;6.6;2.217;-99;0;357
7.7;5.1;11.6;0.3;82.33;-99;4.3;4.05;-99;0;358
7.9;6.4;11.6;0.6;74.54;-99;5;5.95;-99;0.29;359
12.4;6.3;13.8;1.1;84.17;-99;6.3;0;-99;2.45;360
10.8;7.2;13.1;0.6;78.04;-99;6.1;0;-99;0.06;361
5.7;4;7.6;0.3;80.42;-99;5.5;0;-99;0;362
3.9;2.4;4.7;0.4;78.54;-99;7.6;1.917;-99;0;363
2;0.1;3.7;0.3;77.04;-99;6.7;4.167;-99;0.01;364
0.6;-1;2.4;0.3;70.04;-99;5.6;2.917;-99;0.09;365
