tavg;tmin;tmax;ET0;relhumid;vapp14;wind;sundu;globrad;precip;jday
C_deg;C_deg;C_deg;mm;%;mm_Hg;m/s;hours;J cm-2 d-1;mm;
55;2;-----;-----;-----;-----;-----;-----;------;-- -;-
1.4;-0.2;2.7;0;98.29;-99;2.9;0;-99;0;1
-3.1;-8.6;1.3;0;82.54;-99;6;0;-99;0;2
-9.4;-10.5;-8;0;72.71;-99;8.1;5.433;-99;0;3
-8.9;-10.9;-6.9;0;69.54;-99;5.7;3.517;-99;0;4
-8.1;-10.6;-5.2;0;68.17;-99;4.2;6.383;-99;0;5
-6.9;-9.7;-3.3;0;75.38;-99;3.2;7.017;-99;0;6
-6.8;-9.1;-3.1;0;83.88;-99;5.9;4.267;-99;0;7
1;-3.1;3.4;0.5;88.88;-99;9.4;0;-99;2.78;8
1.7;0;4.4;0.3;83;-99;4.1;5.917;-99;0;9
1.1;-0.8;2.9;0;92.88;-99;6.2;0;-99;7.04;10
1.2;0.5;1.9;0;96.67;-99;4.3;0.5;-99;0;11
1.8;0.4;3.7;0;96.04;-99;4.6;0;-99;2.63;12
1.8;-0.1;3.8;0.1;88.5;-99;4.8;0.033;-99;2.98;13
1.4;-0.1;2.4;0.1;92.63;-99;4.6;0.05;-99;0.12;14
0.1;-0.6;1.4;0.1;93.46;-99;2.5;0.783;-99;0;15
-0.1;-1;1;0;93.08;-99;2.7;0;-99;0.27;16
-0.7;-2.9;0.6;0;81.21;-99;5.3;0.75;-99;0.34;17
-4.7;-7.8;-2.5;0;85.42;-99;4.5;2.383;-99;0;18
-3.9;-6.8;-0.4;0;80.33;-99;4.9;0.383;-99;0;19
-0.8;-2.4;0.6;0;78.63;-99;5.4;1.033;-99;0;20
-2.9;-7.5;0;0;83.5;-99;4.4;2.767;-99;0;21
-5.8;-9;-2.5;0;83.67;-99;4.6;6.883;-99;0;22
-0.9;-4.7;3.8;0;89.79;-99;3.9;0;-99;1.51;23
3.9;2.4;5;0.1;96.46;-99;4.4;0;-99;0.83;24
7.9;4.8;9.4;0.1;98.04;-99;4.4;0;-99;1.82;25
8.4;6.7;9.6;0.5;81.21;-99;5.4;0.717;-99;0.26;26
10.2;8.3;11.5;0.7;84.42;-99;6.8;0;-99;0.17;27
6.5;3.8;11.2;1.2;76.46;-99;7.3;4.283;-99;0.78;28
6.6;3.7;9.5;0.6;79.79;-99;7;0;-99;0.04;29
7.1;3.4;9.8;0.8;84.5;-99;6.5;0;-99;2.41;30
3.5;1.5;4.7;0.7;82.96;-99;6.4;1.883;-99;3.28;31
6.2;2.1;10.4;0.7;91;-99;6.1;0;-99;1.95;32
7.9;5.1;9.4;1.6;67.04;-99;8.7;1.933;-99;0.4;33
4.9;3;6.7;1.1;76.79;-99;8.9;2.383;-99;0.55;34
3.4;2.7;4.5;0.5;83.79;-99;7.7;4.217;-99;0;35
3.9;1.5;7.1;0.2;89.42;-99;5.3;0;-99;0.61;36
8.2;6.5;10.7;0.5;85.38;-99;4;0.967;-99;0;37
8.3;5.7;12.1;1;70.88;-99;5;2.75;-99;0;38
7.4;5.7;10;1;71.38;-99;6.5;1.3;-99;1.52;39
6.8;5.3;8.6;1.2;77.08;-99;6.2;2.633;-99;2.3;40
4.2;0.8;8;0.7;82.5;-99;5.8;0.917;-99;0.67;41
4;3.2;4.9;0.4;94.13;-99;4;0.017;-99;1.88;42
2.8;0.9;3.5;0.3;90.46;-99;2.1;0.35;-99;0.57;43
1.3;-1.2;4.4;0.4;93.71;-99;2.5;4.85;-99;0;44
2.3;-0.1;4;0.4;86.75;-99;5;0;-99;1.52;45
1.7;-0.4;3.2;0.6;85.67;-99;8.3;0.6;-99;2.74;46
0.2;-1.5;1.6;0.6;72.67;-99;3;8.75;-99;0;47
0.4;-2.5;3.4;0.7;75;-99;4;8.517;-99;0;48
1.4;-0.2;2.8;0.3;84.33;-99;2.3;0.25;-99;0;49
2.2;0.2;4.8;0.5;81.71;-99;2.6;3.667;-99;0;50
3.6;1.1;6;0.5;86.13;-99;5.4;0;-99;6.31;51
6.6;4.5;10;0.9;88.54;-99;5.1;0.083;-99;11.21;52
5.2;3.7;8.5;1.1;82.21;-99;6.7;0;-99;3.01;53
4.7;3.1;6.9;0.8;80.88;-99;6.1;5.133;-99;0;54
3;0.8;5.4;0.8;79.38;-99;6.5;7.133;-99;0;55
1.7;0.2;3.5;0.5;83.25;-99;3.4;1.333;-99;0;56
2.4;0.3;4.8;0.5;85;-99;4.4;5.1;-99;0;57
1.4;-0.7;5.2;0.7;84.25;-99;2.6;5.183;-99;0;58
-0.5;-2.1;1.5;0.6;96.63;-99;2;0.517;-99;0;59
1;-2;4;0.7;80.5;-99;3.4;3.85;-99;0;60
2.2;0.4;4.9;0.9;68.17;-99;3;2.5;-99;0.07;61
3.4;0.6;8.1;0.6;88.83;-99;4.6;0.217;-99;0.77;62
4;0.9;7.3;0.6;80.63;-99;3.3;3.5;-99;0;63
2.3;-0.6;5;0.6;85.96;-99;3.3;1.6;-99;0;64
4.2;3;5.9;0.5;80.5;-99;4.5;0;-99;0.33;65
3.1;2.3;3.9;0.4;92.46;-99;3;0;-99;4.61;66
3.3;1.6;5.7;0.6;81.25;-99;3.3;2.083;-99;0.09;67
3.4;-0.3;7.3;1;74.67;-99;3.3;6.533;-99;0;68
4.3;1.4;8.8;1.2;70.08;-99;3.3;9.25;-99;0;69
3.5;1.2;7.6;0.6;89.67;-99;3.7;1.95;-99;0;70
3.1;1.6;5;0.7;74.79;-99;4.3;1;-99;0;71
1.6;0.4;2.9;0.5;85.83;-99;2.9;0;-99;0.02;72
1.6;-0.7;4.2;0.6;87.29;-99;3.6;4.65;-99;0;73
2.3;-0.3;4.1;0.4;93.92;-99;3.6;0;-99;0;74
4.3;3;7.7;0.9;84.83;-99;4.6;3.75;-99;0;75
3.9;1.3;8.9;1.3;78.71;-99;3.2;11.283;-99;0;76
4.1;0.4;7.1;1.5;81.21;-99;3.6;11.333;-99;0;77
3.9;3.1;4.5;0.3;95.79;-99;5.1;0;-99;0;78
4.2;1.7;7.3;1;87.38;-99;4.3;3.383;-99;0;79
5.4;4.5;7.1;0.9;85.42;-99;6.5;7.083;-99;0;80
5.5;4.5;6.9;0.8;87.83;-99;8.6;0.1;-99;3.84;81
5.3;4.6;6.5;0.8;93.54;-99;4.6;0.333;-99;0.33;82
5.2;4.1;6.4;0.9;88.42;-99;4.9;2.2;-99;0.03;83
5;3.5;7.8;0.9;83.54;-99;2.5;3.967;-99;0;84
6.6;5.2;8.5;0.7;91.96;-99;3.7;0;-99;0.51;85
7.6;3.6;13.4;1.7;76.29;-99;4.3;6.65;-99;0;86
8.4;5.7;13.8;1.6;76.25;-99;4.8;4.533;-99;0.65;87
9.6;4.8;13.8;2.1;69.08;-99;4.7;6.267;-99;0.04;88
7;5.2;10.9;1.3;81.13;-99;3.9;3.267;-99;7.52;89
6.3;3.8;10.3;1.6;80.42;-99;4.8;5.817;-99;1.6;90
6.3;5.1;8;1.4;80.33;-99;4.3;5;-99;0.01;91
5.4;3.7;7.4;2.1;70.38;-99;4.2;12.233;-99;0;92
9.9;4.3;16.6;2.8;48.42;-99;4;10.65;-99;0;93
12;7.3;19.9;2.1;56.13;-99;3.4;4.317;-99;0;94
12.3;8.4;18.5;1.5;73.33;-99;2.8;2.15;-99;0.01;95
8.1;7.1;9.3;1.2;94.29;-99;3;1.217;-99;1.57;96
10.4;7.4;13.8;1.9;69.75;-99;5.4;2.55;-99;0.41;97
8;5;12.7;2.3;68.58;-99;5.7;7.35;-99;0.04;98
7.3;4.3;10.6;1.5;75.04;-99;4;2.333;-99;0.03;99
7.4;4.1;10.9;1.9;75.42;-99;2.8;11.85;-99;0;100
7.8;4.5;13;1.6;65.46;-99;2.7;8.6;-99;0;101
7.9;4.3;12;1.5;70.67;-99;3.4;4.833;-99;0.03;102
7.9;6.1;11.4;1.2;83.25;-99;2.5;0.45;-99;0.31;103
7.1;5.5;9.5;1.2;90.25;-99;3.8;4.95;-99;0;104
6.8;5.5;9;1.6;81.25;-99;3.9;10.733;-99;0;105
8.7;5.1;13.2;1.2;81.71;-99;3.1;0.533;-99;1.73;106
10.9;6.6;15.8;2.3;73.88;-99;4.8;9.017;-99;0.03;107
7.8;4.8;11.4;2.6;69.88;-99;6.8;12.117;-99;0;108
7.9;3.4;11.2;1.9;67.17;-99;5.1;4.083;-99;0.29;109
8.1;6.5;9.7;2.5;75.5;-99;9.5;9.45;-99;0;110
7.8;6.5;10;2.4;76.83;-99;8.6;8.3;-99;0;111
8.1;6;11.1;2.6;77.25;-99;6.9;10.85;-99;0;112
7.8;6;9.8;2.6;72.17;-99;7.4;12.3;-99;0;113
6.2;3;9.5;2.3;71.29;-99;6;9.5;-99;0;114
4.5;1.4;6;1.6;76.13;-99;4.8;5.9;-99;0.25;115
4;1.1;7.6;1.6;81.29;-99;4.2;1.883;-99;2.54;116
5.2;1.8;9.9;1.8;73.21;-99;3.7;5.033;-99;2.32;117
4.8;2.3;9.1;1.5;82.58;-99;3.4;1.783;-99;1.79;118
5.3;2.8;8.4;1.7;82.33;-99;4.6;5.567;-99;2.27;119
9.2;3.2;14.1;2.9;58.21;-99;4.6;8.583;-99;0;120
9.7;7.7;13.9;2.4;67.63;-99;4.6;6.45;-99;0.13;121
8.9;7.1;11.7;2.7;84.29;-99;4.3;10.25;-99;0;122
10.9;4.8;16.7;3.3;69.46;-99;2.9;13.917;-99;0;123
10.6;8.6;17.4;2.7;74.25;-99;5.7;7.817;-99;0.02;124
9.2;7.5;11.8;2.9;80;-99;5.7;13.133;-99;0;125
10.5;6;13.7;3.5;66.17;-99;3;14.817;-99;0;126
15.6;7.6;23.1;4.2;51.54;-99;4;14.3;-99;0;127
18;11.8;24.5;5.2;43.71;-99;5.3;14.717;-99;0;128
18.3;11.9;25;5.1;46.46;-99;4.5;14.367;-99;0;129
18.1;12.6;25.1;4.5;51.5;-99;3.4;14.617;-99;0;130
18.2;11.8;25.1;4.8;53.67;-99;4.1;14.383;-99;0;131
17.3;10.9;25.2;4.59;59.54;-99;3.7;13.117;-99;0;132
12.9;8.7;20.4;3.6;72.21;-99;4.3;14.883;-99;0;133
11.3;8.2;15.5;4.1;74.17;-99;3.7;14.667;-99;0;134
10.2;7.8;12.8;2.5;75.42;-99;7.9;8.7;-99;0;135
9.1;7.1;10.9;2.5;76.08;-99;9.5;5.683;-99;5.68;136
10.1;8.8;12.2;3.2;72.88;-99;11.8;9.25;-99;0.62;137
10.1;8.7;11.9;2;73.79;-99;8.2;0.35;-99;0;138
13.4;6.8;18.4;3.1;63.46;-99;2.6;8;-99;0;139
15.2;12.8;18.9;3.2;65.63;-99;2.7;8.867;-99;0;140
15.5;13.2;20.5;3;68.54;-99;3.7;2.933;-99;0;141
16.4;11.5;21.5;3.3;70.54;-99;2.8;3.917;-99;0;142
21.6;14.4;28;5.9;51.04;-99;4.9;12.083;-99;0;143
15.1;14.3;17.4;3.1;89.92;-99;3.5;3.083;-99;0.03;144
14;13;15.1;2.5;92.83;-99;6.3;1.483;-99;0;145
14.1;12.2;15.9;2.61;94.21;-99;4.4;2.383;-99;0;146
14.2;11;17.2;1.4;84.88;-99;2.6;0.483;-99;0;147
14.9;12.6;17.1;2.7;73.54;-99;3;5.25;-99;0;148
15.3;13;18.4;3.2;77.21;-99;4.2;11.433;-99;0;149
15.7;12.2;21.7;3.3;84.63;-99;5;7.25;-99;0;150
20.2;13.9;27.1;3.9;72.63;-99;3.7;7.483;-99;0;151
16.1;13.4;19.6;3.3;85.88;-99;4.3;10.95;-99;0.04;152
14.7;12.7;17;3.8;89.63;-99;5.7;12.117;-99;1.05;153
17.1;12.7;26.8;4;83.88;-99;2.9;8.65;-99;0;154
16.4;13.4;19.7;4.5;83.5;-99;3.5;13.7;-99;0;155
15.9;12.4;20.5;4.6;79.25;-99;2.2;16.05;-99;0;156
17.1;12.8;21.1;4.6;74.88;-99;2.5;16.233;-99;0;157
17.7;11.2;24.6;5;56.42;-99;3.3;16.283;-99;0.01;158
17.7;10.4;24.7;4.9;56.83;-99;3.2;14.983;-99;0;159
14.7;13;18.1;2.9;80.88;-99;5.7;1.183;-99;0;160
15.2;12.9;18.1;4.3;72.33;-99;4.5;11.683;-99;0;161
14.7;11.6;18.2;3.9;70.54;-99;7.2;9.317;-99;0;162
14.8;11.6;17.3;4.7;54.04;-99;5.1;16.2;-99;0;163
13.6;10.9;17.5;2.6;70.04;-99;2.7;0.233;-99;0.94;164
15.2;11.7;19.4;2.6;79.46;-99;2.6;2.517;-99;0.47;165
15.6;13.5;18.8;1.9;85.13;-99;2.2;2.7;-99;0.7;166
15.6;13.5;18.1;2;85.17;-99;2.1;6.283;-99;0.39;167
16.1;13.8;18.9;3.4;82.04;-99;2.4;7.333;-99;0.42;168
16.3;14.1;18.7;1.8;86.46;-99;3.8;3.717;-99;0.33;169
16.5;12.9;21;3.7;75.08;-99;4.6;11.3;-99;0;170
15.5;11.3;18.1;3.1;68.79;-99;5.2;2.55;-99;0;171
17.4;10.2;22.7;4.8;55.33;-99;3.5;11.933;-99;0;172
17.1;14.5;19.6;3;79.38;-99;3.6;8.35;-99;0.15;173
19.7;14.8;27.4;4;75.83;-99;2.6;7.65;-99;0;174
25.7;17;32.4;6.3;58.5;-99;3.4;14.167;-99;0;175
22.5;17.6;29.4;5.5;71.75;-99;3.7;10.8;-99;1.61;176
19.7;18.5;21.7;3.7;92.25;-99;4.9;6.7;-99;15.56;177
18;14.6;20.7;3.8;72.25;-99;4.5;7.267;-99;0;178
18.2;13.5;23.5;4.4;64.92;-99;4;10.6;-99;0.08;179
17.1;14.6;19.7;3;69.46;-99;3.7;8.583;-99;0.31;180
16.8;14.1;20.3;3.5;76.92;-99;3.7;5.333;-99;2.72;181
18.3;14.8;21.7;3;70.63;-99;3.2;1.283;-99;0;182
19.7;16.5;24.5;3.7;76.33;-99;3.7;3.083;-99;0.09;183
16.5;11.9;19.6;2.3;81.83;-99;3.7;2.417;-99;3.31;184
14.6;10.4;19.2;3.5;75.42;-99;4.3;9.267;-99;1.38;185
16.4;11.4;20;3.6;69.46;-99;4.1;8.567;-99;0;186
17.8;14.5;24.2;3.7;72;-99;3.5;4.6;-99;5.17;187
15.8;13.2;18.1;3.9;72.88;-99;15.1;4.95;-99;0.56;188
16.8;14.4;19.6;3.9;68.46;-99;7.3;8.217;-99;0;189
17.8;15.5;22.6;3.2;77.38;-99;3.8;3.45;-99;8.12;190
17.3;15.3;20;3.1;76.92;-99;7.7;4.733;-99;0.06;191
21.4;15.1;27;4.3;72.04;-99;3;4.4;-99;0.04;192
19.8;16.8;23.2;3.9;73.75;-99;4.2;5.083;-99;0.76;193
18.1;14.6;22.3;3.9;73;-99;4;6.467;-99;0.06;194
16.4;14;18.3;2.5;78.21;-99;3.1;6.417;-99;0.61;195
16.6;15.1;18.5;2.4;70.25;-99;7.2;2.417;-99;0.06;196
16.3;15.1;18;2.5;76.08;-99;11.7;2.867;-99;0.17;197
17.3;11;21.2;3;76.25;-99;4.3;5.383;-99;0.24;198
16.9;15.2;19.7;2.6;79.54;-99;4.7;5.783;-99;0.11;199
16.9;14.3;18.7;2.3;79.58;-99;5.9;1.967;-99;0.37;200
18.1;16.5;20.8;2.6;80.67;-99;4.2;4.733;-99;0;201
20.5;15.5;26.5;4.2;72.75;-99;3.4;15.283;-99;0;202
22.1;16.7;29.5;4.9;61.58;-99;3.8;10.1;-99;0;203
23.1;17.6;29.2;5.4;47.42;-99;3.7;13.367;-99;0.01;204
20.5;16.5;24.3;4.5;66.96;-99;3.2;9.383;-99;0;205
21.1;17.9;25.3;4.1;75.17;-99;3.4;11.767;-99;0;206
21.1;17.3;25.7;3.8;79.83;-99;2.3;9.217;-99;0.94;207
19.7;17;21.4;3.9;74.29;-99;3.4;12.517;-99;0.12;208
18.7;16.1;22.6;1.9;77.83;-99;2.8;2.1;-99;0.37;209
19.1;17.1;21.2;3;69.92;-99;3.4;11.117;-99;0.12;210
19.4;16.9;22.8;3.1;81.71;-99;2.8;3.417;-99;5.58;211
18.6;16;22.2;2.9;81.5;-99;4.1;4.55;-99;0.67;212
16.8;13.7;19.4;2;78.67;-99;2.9;1.75;-99;1.83;213
16.5;13.1;20.6;2.8;75.67;-99;4.8;9.75;-99;0;214
16.5;12.2;20.3;2.5;73.17;-99;3.4;8.583;-99;1.14;215
17.2;13;20.2;1.6;90.79;-99;3.7;0.483;-99;1.17;216
19.3;16.7;23.3;3.3;71.96;-99;3.9;5.85;-99;0;217
18.5;15.3;21.8;2.9;76.5;-99;4.3;8.05;-99;0.06;218
17.8;15.5;19.8;2.9;73.29;-99;8.3;6.933;-99;0.26;219
19.2;13.3;24.6;3.2;65.67;-99;4.8;6.183;-99;0;220
19.2;15.8;23.2;3.3;69.54;-99;6.4;6.417;-99;0;221
14.9;11.6;17.5;2.6;69.46;-99;6.3;4.017;-99;1.59;222
13.7;9.6;16.7;2.9;68.29;-99;6.5;9.183;-99;0.36;223
13.3;9.6;16.9;2.3;73.08;-99;5.5;3.4;-99;1.32;224
16;11.9;18.7;1.4;86;-99;3.8;0.6;-99;0.03;225
17.9;15.2;21.2;2.4;80.38;-99;4.9;2.217;-99;0.11;226
17.1;15.5;20.8;2.6;74.92;-99;7.1;6.15;-99;0;227
16.6;14.8;18.7;2.4;72.88;-99;6.2;8.767;-99;0;228
15.8;11.6;18;2.1;78.08;-99;4.4;10.1;-99;0.6;229
17;11.5;20.2;3;75.46;-99;3.8;13.817;-99;0;230
16.9;15;19.2;2.2;77.08;-99;5.1;7.9;-99;1.01;231
17.7;13.8;20.6;2.5;75.38;-99;2.7;9.233;-99;0;232
18.6;16;24;2.3;79.08;-99;2.7;2.683;-99;0;233
17.8;14.4;21.3;2.5;77;-99;2.6;8.45;-99;0.76;234
17.8;14.8;22.6;2.4;81.29;-99;3.1;3.75;-99;0.46;235
18.5;16.4;20.9;1.9;87.33;-99;3.5;3.55;-99;1.28;236
20.8;15.2;27.5;3.1;75.67;-99;2.8;12.5;-99;0;237
24.5;18.4;31;4.5;51.21;-99;3.9;13.683;-99;0;238
23.2;18.6;32.9;4.7;63.63;-99;3.9;12.933;-99;0;239
19.5;17.1;21.8;2.8;69.29;-99;4.2;9.283;-99;0.01;240
20.6;16.9;30.5;3.4;74.75;-99;4;7.133;-99;1.03;241
17.8;16.2;19.7;2.1;76.58;-99;8.3;5.783;-99;0.03;242
17.9;15;21.1;2.41;72.79;-99;6.3;11.05;-99;0;243
19.6;13.5;25.5;3;60.96;-99;3;12.917;-99;0;244
18;15.3;21.3;2.6;75.92;-99;3.6;8.35;-99;0.77;245
17.5;12.7;21;2.3;72.79;-99;3.6;7.367;-99;0;246
18.1;16.1;21.7;2;78.17;-99;3.8;2.283;-99;0.3;247
17.4;15.1;20.1;1.2;87.5;-99;2.6;0.433;-99;2.3;248
17.2;13.4;19.1;1.6;81.42;-99;5.6;2.9;-99;0.03;249
17;12.3;23.1;2.4;76.42;-99;2.3;12.083;-99;0;250
18.5;14.6;23.3;2.6;71.04;-99;2.7;12.583;-99;0;251
21.8;15.2;29.8;2.8;64.29;-99;3.2;12.433;-99;0;252
18.8;15.3;21;1.8;80.67;-99;4.5;6.333;-99;0;253
19.4;13.5;25;2.4;68.25;-99;3.2;12.133;-99;0;254
19.5;16.4;22.7;2.4;77.67;-99;2.8;9.8;-99;0;255
21.4;15.7;28.9;2.4;74.33;-99;3.5;11.65;-99;0;256
23.8;19;30.9;2.8;66.38;-99;4;11.3;-99;0;257
22.3;17.9;28.9;2.7;66.92;-99;3.3;11.267;-99;0;258
19.8;16;25.8;2.4;70.38;-99;3.3;11.917;-99;0;259
19.7;14.8;26.3;2.4;66.21;-99;3.2;9.3;-99;0;260
17.8;15.4;20.5;1.9;79.67;-99;5.1;7.367;-99;0;261
15.5;12.9;17.8;2;68.33;-99;3.9;2.217;-99;0;262
15.2;11.7;20.4;1.9;71.13;-99;3.4;7.683;-99;0;263
16.1;14;17.9;1.6;79.08;-99;2.9;5.767;-99;0;264
16.1;11.1;20.2;1.8;69.88;-99;2.7;7.95;-99;0;265
14.9;11.4;20.5;1.8;63.96;-99;2.7;9.483;-99;0;266
15.4;11.9;20.3;1.6;75.54;-99;3.5;4.867;-99;0.7;267
14.9;11;17.7;1.7;75.04;-99;3.4;9.25;-99;0;268
16.4;11.7;22.4;2.1;63.46;-99;3.6;10.35;-99;0;269
15.5;12.6;21.7;1.7;78.21;-99;2.5;7.617;-99;0;270
15.6;13.6;18;1.5;88.13;-99;1.7;6.733;-99;0;271
17.3;14.6;20.6;1.7;69.63;-99;6.4;2.583;-99;0;272
17.7;13.5;22.1;2;71.46;-99;5.6;0.417;-99;0.78;273
13.9;10.8;17.7;1.2;75.17;-99;4.7;3.283;-99;0.35;274
12.2;9.2;15.3;0.6;84.25;-99;3;0.05;-99;0.03;275
12.8;9.6;16;0.7;83.25;-99;2.3;2.383;-99;0.11;276
12.9;8.4;16.4;1.4;83.71;-99;4.4;9.05;-99;0.1;277
12.9;10.1;14.9;1.5;65.42;-99;6.5;8.033;-99;0;278
11.5;10.2;12.4;1.3;67.58;-99;10.6;1.367;-99;0;279
11.8;10.7;12.7;1.1;85.46;-99;9.8;0;-99;0.4;280
11.5;9.7;12.8;1.2;83.04;-99;6.2;0;-99;0.56;281
10.7;9.5;11.9;1.4;77.96;-99;8.2;3.333;-99;3.04;282
9;7.3;10.4;0.9;85.08;-99;5.9;0.033;-99;1.63;283
8.4;4.6;11.2;0.5;95.25;-99;2.6;1.017;-99;1.41;284
9.7;8.4;10.4;0.9;90.04;-99;3.7;0;-99;1.15;285
8.9;7.5;11;0.8;82.38;-99;2.8;0.6;-99;0.06;286
8.5;6.2;10.8;0.6;78.5;-99;3.1;0.267;-99;0;287
7.1;4.5;9.8;0.7;79.29;-99;4.4;3.133;-99;0;288
8;6.9;9.4;0.6;83.08;-99;4.1;0;-99;0.5;289
7.8;6.8;8.7;0.3;93.83;-99;4.5;0;-99;0;290
7.8;6.9;8.4;0.2;95.71;-99;4.5;0;-99;0;291
9.7;8.1;11.4;0.3;95.21;-99;2.9;0;-99;0.03;292
9.3;8.2;10.3;0.3;92.58;-99;2.1;0;-99;3.12;293
8.5;7.4;9.5;0.5;91.79;-99;2.8;0.05;-99;0.26;294
8.3;7.6;9;0.5;91.46;-99;2.5;0.467;-99;0.05;295
7.8;7.2;8.5;0.3;92.79;-99;1.6;0;-99;1.86;296
7.5;6.2;9.1;0.3;90.42;-99;2.4;0;-99;0;297
7.9;6.2;10.8;0.4;90.5;-99;2.3;3.267;-99;0;298
8.5;5.5;10.4;0.3;89.92;-99;3.8;1.15;-99;0;299
7.4;5.2;11;0.4;86.5;-99;2.7;1.917;-99;0;300
10.6;6;13.8;0.4;89.67;-99;3.9;0.583;-99;0.14;301
11.6;10.1;13.3;0.7;83.38;-99;8.1;0.6;-99;0;302
10.6;10;11.3;0.8;77.25;-99;12.5;5.75;-99;0;303
9.5;7.8;10.4;0.7;78.96;-99;6.7;6.917;-99;0;304
9.9;7;11.7;0.3;93.5;-99;3.1;0;-99;0;305
10.5;8.7;11.7;0.7;84.79;-99;7.5;0;-99;0.56;306
7.3;4.9;9;0.9;77.42;-99;12.3;1.883;-99;0.81;307
5.6;4.6;7.4;0.6;69.42;-99;4.8;3.133;-99;0.04;308
6.8;4.7;8.7;0.7;86.79;-99;4;0.117;-99;0.48;309
5.1;3.6;6.3;0.2;92.29;-99;3.2;0;-99;5.51;310
5.6;3.4;7.5;0.3;89.13;-99;2.4;0.117;-99;0.99;311
3.9;1.3;5.3;0.6;82.08;-99;5.6;0.117;-99;0.34;312
1.3;0.1;3;0.3;90.42;-99;3.6;0;-99;2.5;313
0.6;-1.3;3.3;0.3;85.75;-99;4.3;4.583;-99;0.06;314
1.5;-0.2;4.2;0.3;85.21;-99;2.8;2.133;-99;0;315
1.8;-1.5;5.5;0.2;88.04;-99;1.7;7.25;-99;0;316
-1.4;-4;1.7;0.2;94.58;-99;2;5.55;-99;0;317
-0.2;-4.3;3.7;0.2;79.54;-99;2.3;8.033;-99;0;318
1.1;-1.7;3.6;0.5;70.46;-99;4.1;6.817;-99;0.05;319
4.5;1.8;9.2;0.3;93.29;-99;6;0;-99;0.73;320
7.3;3.1;10.2;0.2;94.21;-99;4.6;0;-99;1.13;321
7.5;5.3;9.2;0.3;86.75;-99;4;0.717;-99;0;322
7.2;4.8;10.8;0.7;83.5;-99;4.4;1.5;-99;5.28;323
5.4;3.5;8;0.3;79.83;-99;3.6;3.667;-99;0.02;324
6.5;2.3;11.8;0.7;76.04;-99;5.3;2.083;-99;0.99;325
10.7;8.8;14.1;0.6;70.5;-99;4.1;1.567;-99;0;326
10.8;9.1;12.7;0.3;79.88;-99;2.8;0.65;-99;0;327
8.5;5.9;10.8;0.2;89.83;-99;2.1;0.267;-99;0;328
5.9;4.3;7.4;0.2;87.79;-99;4.5;6.233;-99;0.03;329
4.7;4.1;6.2;0;98;-99;2.5;0;-99;0;330
5.5;3.2;8.1;0.2;92;-99;5.5;0.4;-99;0;331
5.9;3.6;7.3;0.6;69.83;-99;11.4;7.217;-99;0;332
2.9;2.2;3.8;0.5;64.04;-99;8.3;6.783;-99;0;333
2.6;0.8;4.2;0.4;74.67;-99;5.9;1.867;-99;0.14;334
4.8;1.8;7.2;0.4;87.58;-99;7.9;0;-99;1.63;335
7.4;6.8;7.9;1;89.79;-99;12.9;0;-99;2.95;336
5.3;3.8;6.9;0.5;73.08;-99;9.4;7.183;-99;0;337
3.4;0.6;5.3;0.2;77.67;-99;4.4;6.983;-99;0;338
4.6;3.5;6;0.2;82.63;-99;3.6;0;-99;0;339
4.1;2;5.6;0.2;78.13;-99;4.7;0.5;-99;0;340
4.9;1.6;6.1;0.2;92.63;-99;4.2;1.167;-99;0;341
3.8;1.8;8.6;0.4;87.13;-99;4.5;0.233;-99;0.21;342
8.4;7.2;9.5;0.4;84;-99;6.1;0;-99;3.47;343
8.4;6.9;9.8;0.4;92.58;-99;6.3;0.017;-99;0.63;344
9.7;8.9;10.7;0.5;91.54;-99;6.1;0;-99;1.4;345
7.3;6.3;9.1;0.5;93.33;-99;6.5;0.017;-99;4.92;346
4;1;7;0.4;81.54;-99;3.8;2.783;-99;0.06;347
3.6;1.5;5.6;0.1;88.54;-99;3.1;0;-99;0;348
3.9;-0.8;5.9;0.1;95.04;-99;2.7;2.967;-99;0;349
1;-0.8;2.2;0.2;89.88;-99;3.3;0;-99;0;350
1;-1.2;2.8;0.2;82.29;-99;2.9;5.917;-99;0;351
0.9;-1.2;4;0;95.13;-99;2.8;0;-99;0;352
5.4;4;6.3;0.2;95.79;-99;4.1;0;-99;0.1;353
5;4.1;5.6;0.1;87.96;-99;1.6;0;-99;0;354
2.1;0.4;4.2;0.1;87.04;-99;3.4;0.15;-99;0;355
1.8;-0.1;3.7;0.2;82.92;-99;4.5;2.067;-99;0.06;356
3.9;2.9;5;0.2;93.5;-99;3.7;0;-99;2.02;357
5.9;4.8;6.8;0.3;84.71;-99;5.2;1.367;-99;0;358
5.9;3.6;7.3;0.8;82.88;-99;6.8;0;-99;11.09;359
8;4.6;10.9;0.5;89.67;-99;6.2;0;-99;0.29;360
7.4;1.9;11.1;1.4;83.63;-99;9.7;2.3;-99;2.1;361
6.5;5.6;7.2;0.7;80.08;-99;13;5.083;-99;0.2;362
5.8;5.2;6.3;0.2;94.75;-99;6.2;0;-99;0;363
3.8;0.9;5.6;0.3;77.54;-99;3.6;3.033;-99;0;364
1.9;0.6;4.8;0.2;78.21;-99;3.3;6.667;-99;0;365
2.1;0.2;4.6;0;97;-99;4.1;0;-99;0;366
