tavg;tmin;tmax;ET0;relhumid;vapp14;wind;sundu;globrad;precip;jday
C_deg;C_deg;C_deg;mm;%;mm_Hg;m/s;hours;J cm-2 d-1;mm;
55;2;-----;-----;-----;-----;-----;-----;------;-- -;-
4.6;3.4;5.6;0.3;90.83;-99;5;0;-99;0.95;1
2.9;0.4;4.6;0.4;81.92;-99;6.6;3.533;-99;0.09;2
4.8;3;7.2;0.7;89.67;-99;9.1;0;-99;4.79;3
3.7;0.4;5.4;1.1;73.29;-99;14.1;1.133;-99;0.95;4
-2.4;-4.8;0.8;0;63.46;-99;8.6;0.983;-99;0;5
-4.9;-6.8;-2.3;0;65.75;-99;2.3;7.15;-99;0;6
-2;-5.5;3.5;0;84.79;-99;4.7;0;-99;0.37;7
1.4;0.3;3;0.1;89.71;-99;2.7;0;-99;0;8
1;-0.6;3.2;0.2;82.79;-99;3.4;3.35;-99;0;9
0.2;-1.2;1.7;0.2;78.75;-99;4.2;5.467;-99;0;10
1.3;-1;4.6;0.3;85.96;-99;5.9;0;-99;1.39;11
2.9;0.9;4.5;0.6;84.13;-99;6.1;3.683;-99;0.68;12
1.6;-0.8;2.8;0.1;92.67;-99;4.8;0;-99;0.33;13
1.4;-0.6;3;0.3;86;-99;5.8;2.433;-99;0.37;14
1.2;-0.1;2.4;0.4;82.63;-99;8.3;0;-99;0.06;15
0.6;-0.3;1.5;0.2;79.46;-99;5.8;3.717;-99;0;16
0;-0.9;0.8;0.1;77.08;-99;3.1;2;-99;0;17
0;-0.7;0.9;0.1;78.42;-99;3.4;0;-99;0;18
0.8;-0.3;2.4;0.1;82.5;-99;3.5;0;-99;0;19
3.4;2.3;4.3;0.2;91;-99;5.2;0;-99;0;20
3.3;2.5;4.4;0.1;94.25;-99;3.4;0;-99;0;21
1.1;-1.9;3.1;0.1;92.67;-99;1.9;0;-99;0;22
0.2;-1.9;1.8;0.1;93.25;-99;3.2;0;-99;0;23
1.3;0.2;2.3;0.1;93.92;-99;3.6;0;-99;0;24
0.3;-1.4;1.6;0.1;95.96;-99;3.4;0;-99;0;25
0.7;-1.4;3.4;0.3;86.71;-99;3;3.217;-99;0;26
0.2;-1.7;3.2;0.4;72.42;-99;3.9;7.767;-99;0;27
-0.6;-3.1;2.7;0.3;72.96;-99;3.1;7.65;-99;0;28
2.1;-3.1;4.9;0.4;81.04;-99;3.5;0.4;-99;0.47;29
1.8;0.6;3.2;0.2;91.5;-99;3.3;0;-99;4.26;30
1.4;0.6;3.1;0.3;87.04;-99;2.5;2.483;-99;0.04;31
0.7;-0.1;1.5;0.2;86;-99;3.4;0;-99;0;32
-0.2;-2.2;1.6;0.1;82.21;-99;4.7;4.283;-99;0;33
1.2;-0.2;2.3;0.1;94.88;-99;4.8;0;-99;0.03;34
2.7;1.1;3.8;0.2;96.54;-99;3.4;0;-99;0.65;35
1;-0.5;2.4;0.2;94.63;-99;2.9;0;-99;0;36
1.6;0.7;3;0.4;83.63;-99;3;0.033;-99;0;37
-0.5;-2.3;1.3;0.1;78.13;-99;3.1;0;-99;0;38
-3.4;-4;-2.2;0;70.46;-99;3;0;-99;0;39
-3.9;-5.7;-2.3;0;72.25;-99;2.6;0.983;-99;0;40
-3.3;-5.7;-1.4;0;75.33;-99;3.5;2.5;-99;0;41
-1.3;-2.7;0.3;0.1;57.79;-99;4.3;0;-99;0;42
-1.2;-3;0.6;0.1;73.46;-99;3.1;0;-99;0;43
-4.1;-6.3;-0.8;0;81.58;-99;2.7;7.433;-99;0;44
-2.3;-6;2.1;0.2;82.63;-99;2.3;5.367;-99;0;45
2.5;-1.9;8.6;0.8;64.58;-99;2.8;8.633;-99;0;46
5.4;1.2;10.5;0.8;76.63;-99;4;7.117;-99;0;47
4.2;3;5.8;0.3;93.83;-99;4.3;0;-99;5.91;48
3.4;2.7;4.4;0.3;89.63;-99;4.9;0;-99;0;49
5;3.6;6.2;0.5;86.25;-99;4.9;0;-99;0.36;50
7.4;5.1;9.4;0.6;88.75;-99;7.1;0;-99;0.7;51
5.5;4;6.9;1;82.08;-99;8.8;2.967;-99;0;52
6.7;4.9;9.2;1.3;81.17;-99;8.2;1.3;-99;4.83;53
5.6;3.6;7.8;0.8;82.13;-99;6.5;0.117;-99;5.14;54
2.8;0.2;5.2;1.2;81.79;-99;9;6.05;-99;0.42;55
3.4;1.3;5.4;0.7;84.25;-99;6.3;3.233;-99;2.82;56
7.2;4.7;8.8;0.8;87.04;-99;5.4;0;-99;0.41;57
10.2;8.6;13.1;1.2;69.04;-99;4.5;0.367;-99;0;58
7.3;4.2;10.4;1.4;64.42;-99;5.2;2.1;-99;0.21;59
4.4;2.9;6.5;0.8;78.04;-99;4.5;1.733;-99;0.43;60
4.2;2.4;6.8;0.9;84.58;-99;4.6;2.033;-99;3.74;61
6.3;3.2;9.9;1.3;70.79;-99;4.4;7.083;-99;0;62
7.9;3.5;12.5;1;69.13;-99;3.2;2.85;-99;0.27;63
7.5;5.7;10;0.8;79.67;-99;3.5;0.25;-99;4.09;64
4.1;1.8;6.7;0.5;88.83;-99;4.4;0;-99;0.8;65
1.5;0.8;2.2;0.5;78.92;-99;5.4;0;-99;0;66
4.2;0.9;8.1;0.9;75.75;-99;3.4;1.433;-99;3.1;67
5.7;3.7;8.7;0.5;87.33;-99;3.2;0.333;-99;0.04;68
4.7;3.8;5.7;0.9;89.96;-99;7.2;2.267;-99;0.34;69
3.1;1.4;4.5;0.6;94.71;-99;3.6;0.65;-99;0;70
2.6;0.1;6.7;0.9;78.38;-99;3.7;3.183;-99;0;71
4;0;8;1;71.92;-99;2.8;3.45;-99;0;72
7.6;3.1;12.2;0.9;82.21;-99;5;2.2;-99;2.27;73
6.6;4.8;8.8;1.8;76.79;-99;8.3;10.383;-99;0;74
8.5;4.4;13.3;1.2;70.17;-99;5.3;2.983;-99;0;75
6.7;4.4;9.1;1.3;76.08;-99;6.3;1.267;-99;2.28;76
5;3.3;7.4;1.5;83.96;-99;10.1;4.283;-99;4.62;77
3.9;1.5;8.3;0.5;87.54;-99;5.7;0.133;-99;6.33;78
9.1;5.5;11.4;0.9;90.04;-99;4.9;0.083;-99;4.96;79
7.4;3.9;12.1;1.8;71.79;-99;5.8;7.45;-99;1.66;80
6.3;2.6;11.7;2;62.21;-99;3.3;11.317;-99;0;81
5.7;2.5;9.3;1;66.42;-99;3.1;0;-99;0;82
5.3;3.1;7.6;1.7;71.17;-99;3;11.467;-99;0;83
5.7;4.6;7.5;1.39;86.46;-99;6.6;6.35;-99;0;84
4;1.9;6.6;1.4;91.67;-99;1.8;7.433;-99;0;85
6.5;2.3;9.7;2;82.58;-99;2.3;12.1;-99;0;86
9;5.3;11.7;2.2;69;-99;2.3;11.933;-99;0;87
9;7.4;11.7;1;81.13;-99;5.8;0.15;-99;0.07;88
12.1;7.3;18.8;1.3;81.67;-99;3;0.867;-99;0.68;89
16.1;10.6;21.6;2.7;64.54;-99;3;6.233;-99;0;90
11.3;9.1;15;2.2;80.13;-99;2.7;9.267;-99;0;91
9.9;7.7;12.8;1.6;87.38;-99;3.4;5.4;-99;2.98;92
7.8;5;9.4;1.2;82.29;-99;3.9;7.883;-99;0;93
7.9;4.8;10.2;1.6;74.96;-99;2;10.333;-99;0;94
8.1;6.6;10.1;1.5;77.38;-99;7.9;5.55;-99;0.06;95
7.5;5.9;9.3;2.2;78.71;-99;10.2;9.15;-99;0;96
8.3;7.5;9.8;0.9;91.13;-99;9.7;0.867;-99;0;97
8.3;6.9;9.9;1.2;84.46;-99;6.4;0.667;-99;0;98
10.4;6.9;14.5;2.5;71.46;-99;2.5;12.117;-99;0;99
9.9;5.9;13.7;2.1;73.54;-99;8;5.633;-99;0;100
7.1;4.9;9.4;2.4;72.38;-99;10.6;9.367;-99;4.68;101
7.9;5.7;9.5;1.3;89.46;-99;6.9;0.017;-99;4.45;102
7.9;6.3;9.7;2;80.13;-99;10;4.867;-99;1.42;103
7.9;6.3;11.2;1.8;79.79;-99;7.7;2.833;-99;0.57;104
7.5;5.9;10.1;1.9;82;-99;8.3;3.917;-99;5.62;105
4.6;1.6;6.7;1.4;78.08;-99;3.1;6.983;-99;1.57;106
5.3;3.7;7.2;1.5;82.21;-99;4.7;2.45;-99;0.77;107
4.1;3.1;5.8;1.8;65.92;-99;7.4;7.283;-99;0.03;108
3.8;0.4;6.1;1.9;62.42;-99;4.1;9.183;-99;0.04;109
6;0.7;9.4;2;63.79;-99;4.2;5.567;-99;0.01;110
9.4;6.4;14.2;1.6;79.88;-99;7.8;0.017;-99;0.62;111
7.1;5.6;9.2;2;72.38;-99;12.7;7.9;-99;0;112
6.9;5.4;8.8;2.1;70.17;-99;11.9;9.2;-99;0;113
6.9;3.7;11.4;1.5;73.5;-99;6.5;0.167;-99;1.21;114
4.5;2.2;6.7;1.6;77;-99;3.7;5.55;-99;1.25;115
5.3;1;8.6;2.1;71.67;-99;3.6;13.067;-99;0;116
6.3;1.9;9.4;2.3;67.88;-99;3.9;10.217;-99;0.03;117
8.1;5.9;12.9;2.01;67.13;-99;3.1;3.033;-99;1.43;118
6.8;4.2;8.6;1.6;75.71;-99;4.5;11.067;-99;0.31;119
8.2;3.2;13.5;2.9;64.96;-99;4.8;14.4;-99;0;120
9.9;5.1;14.6;3.1;59.33;-99;5.2;12.75;-99;0;121
9.5;6.2;13.4;2.7;65.33;-99;4.7;8.467;-99;2.03;122
9.8;7.8;14.6;2.5;67.71;-99;5.3;8.717;-99;0;123
8.2;6.8;9.4;1.8;73.46;-99;7.8;0.083;-99;1.62;124
7.8;6.7;9.9;1.2;90.83;-99;5.2;0;-99;3.87;125
8.2;6.6;9.6;1.2;93.54;-99;1.9;0.517;-99;0;126
9.9;5.6;16.3;2.8;80.42;-99;2.2;12.067;-99;0;127
7.9;6.8;10.3;1.6;81.42;-99;6.6;4.55;-99;2.07;128
8.1;6.2;10.1;2.9;59.29;-99;4.2;12.817;-99;0;129
7.7;6.5;9.4;1.6;85.25;-99;5.6;1.2;-99;14.03;130
10;5.9;15.9;2.7;74.38;-99;3.2;11.517;-99;0;131
12.1;7.3;18.6;2.7;69.29;-99;4;5.6;-99;0;132
15;9.7;20;2.4;74.04;-99;3.3;5.133;-99;2.44;133
13.9;11.6;16.7;3.1;81.17;-99;2.7;11.767;-99;0;134
12.7;11.6;14.4;2.8;80.83;-99;2.9;5.75;-99;0.2;135
12.9;11.1;14.4;1.4;85.79;-99;3;0;-99;5.12;136
19.4;13.4;25.7;3.8;68.13;-99;3.5;7.417;-99;0;137
20.3;14;28.8;5.3;62.38;-99;4.4;13.467;-99;0;138
14.4;12.9;16.5;4;86.46;-99;2.6;12.233;-99;0;139
13.5;12.1;15.5;2.9;78.92;-99;6.3;10.8;-99;0;140
14.4;10.8;17.7;3.9;67.25;-99;2.8;15.617;-99;0;141
14.8;11;18;3.6;65.83;-99;2.5;14.833;-99;0;142
16.5;12.3;21.7;4.1;68.38;-99;4.2;7.683;-99;2.75;143
13.1;11.5;15.4;2.4;80.08;-99;9.3;2.65;-99;0;144
13.8;11.6;16.2;3.2;81.17;-99;7.1;10.383;-99;0;145
14.8;12.8;17.2;3.5;84.5;-99;4.9;13.583;-99;0;146
20.6;12.8;26.9;5;59.33;-99;3;16.05;-99;0;147
19.6;14.4;28.3;5.4;63.17;-99;3.6;14.2;-99;0;148
15.6;13.7;18.7;2.7;85.13;-99;3.6;6.817;-99;0;149
17.3;14.2;25;2.9;87.38;-99;4.2;5.917;-99;5.97;150
15.2;12.3;17.7;4.3;73.29;-99;10.4;12.733;-99;0.1;151
14.2;11.7;17.1;4.1;70.92;-99;8.5;12.45;-99;0;152
15.3;12.3;18;4.1;71.04;-99;3.7;15.583;-99;0;153
16.4;12.1;20;2.6;73.83;-99;3.9;4.3;-99;3.05;154
15.4;14;16.8;2.1;87.17;-99;5.8;4.517;-99;3.24;155
15.2;10.9;20.1;4;72.42;-99;3.8;13.55;-99;0;156
17.3;12.8;24.4;3.9;73.96;-99;4.4;10.217;-99;9.13;157
13.6;11.8;17.9;3.1;74.42;-99;5.5;4.6;-99;1.96;158
15.1;11.8;18.5;2.9;74.5;-99;4.5;5.217;-99;0.85;159
18.4;13;26.2;4.31;71.46;-99;4.1;9.45;-99;2.9;160
16.4;13.2;19.4;3.6;74.88;-99;3.5;9.867;-99;0;161
21.6;17;28.1;5.4;63.17;-99;3.9;10.083;-99;3.43;162
17;14.8;19.7;3.5;73.96;-99;7.1;7.383;-99;0.14;163
15.7;13.9;17.5;3.2;74.5;-99;11;7.567;-99;0.03;164
16;13.7;18.8;3.6;76.54;-99;7;11.383;-99;0;165
19.2;13.3;25.8;4.3;69.5;-99;2.9;10.65;-99;0.68;166
16.3;14.2;18.2;3.81;78.88;-99;9.9;10.683;-99;0.4;167
16.2;14;19.3;3.9;76.88;-99;9.3;10.65;-99;0;168
18.6;15.1;22.7;3.5;79.38;-99;4.7;8.967;-99;0;169
20.6;17.6;24.2;4.4;74.71;-99;2.2;15.7;-99;0;170
18.2;15.3;19.8;4.5;74.17;-99;6.7;13.217;-99;0;171
15.5;14;17.6;3.8;65.88;-99;5.6;7.8;-99;0;172
18.6;13.3;23.8;3.2;74;-99;2.7;6.75;-99;5.22;173
17.5;15;18.9;2;74;-99;2.7;0.417;-99;5.94;174
16.9;14.3;19.4;1.9;82.79;-99;5.5;2.983;-99;0.94;175
16;13.1;19.9;2.7;79.17;-99;5.1;1.75;-99;2.84;176
16;13.2;19;4.3;68.96;-99;8.6;12.217;-99;0.06;177
15;13.3;16.9;3.9;64.79;-99;4.9;11.167;-99;0;178
18.5;13;24.3;4.2;69.92;-99;3.9;10.783;-99;0.95;179
16.5;14.9;18.2;1.49;96.71;-99;5.3;0.15;-99;1.71;180
15.1;14.4;15.6;1.5;95.29;-99;6.4;0;-99;22.64;181
14.9;14;16.6;1.5;93.17;-99;4.2;0.517;-99;1.14;182
16;14.5;18.4;2.5;79.21;-99;9.3;3.033;-99;0.1;183
16.6;13;22.5;3.6;71.75;-99;7;7.467;-99;3.28;184
15.7;13.6;18;3.4;71.71;-99;9.3;7.75;-99;0;185
15.7;13;18.7;3.7;69.08;-99;4.6;10.433;-99;0.03;186
16.7;12.1;19.4;3.8;72.46;-99;3;15.533;-99;0;187
17.7;15.3;22.5;2.3;83.75;-99;2.4;3.05;-99;0.26;188
18.2;15.3;21.4;3.5;81.63;-99;5.1;8.033;-99;0;189
15.8;13.7;18.1;3.9;64.33;-99;4.2;14.6;-99;0;190
15.6;13.3;20.3;2;79.42;-99;3.8;2.633;-99;6.34;191
16.7;13;22.4;2.9;86.04;-99;3;3.45;-99;9.36;192
15.2;13.8;16.1;1.7;88.04;-99;4.1;0.25;-99;5.48;193
15.8;14.1;18.3;3.5;69.21;-99;10.3;11.183;-99;0;194
15.4;11.3;18.1;3.7;69.54;-99;3.3;13.083;-99;0;195
16.8;11.2;21.1;3.5;69.79;-99;2.3;14.583;-99;0;196
16.7;13;18.9;1.7;84.58;-99;4.3;1.067;-99;0.21;197
17.1;14.4;19.7;3.8;70.92;-99;6.1;10;-99;0;198
16.8;13.8;19.5;2.9;72;-99;4.1;7.617;-99;0;199
18.9;12.5;26.2;4.2;69.25;-99;3.3;15.133;-99;0;200
20.5;16.5;25.9;2.61;82.21;-99;2.7;3.15;-99;6.85;201
18.7;15.8;20.4;3.2;78.17;-99;4.1;11.817;-99;0;202
18.2;15.3;23.6;2.3;85.67;-99;3;2.033;-99;0.41;203
18.2;15.4;23;2.2;87.5;-99;3.2;3.15;-99;0.44;204
17.6;14.7;20.1;3;80.79;-99;3.5;6.9;-99;0;205
16.2;15;17;1.9;93.5;-99;8.4;0;-99;23.05;206
16.2;15.1;17.2;2.2;88.42;-99;6.2;0.017;-99;1.86;207
17.4;14;21.7;2.4;82.71;-99;2.8;3.2;-99;0.74;208
17;14.5;22.2;2.9;79;-99;2.7;7.167;-99;6.94;209
17.1;14.6;20.8;1.9;86.29;-99;3.8;1.183;-99;1.86;210
19.9;16.9;27.8;3.8;83.79;-99;3.4;7.717;-99;3.94;211
19;15.1;23.4;3.9;75.25;-99;2.5;8.833;-99;0;212
18.2;15.7;21.2;2.7;89.71;-99;3.1;3.917;-99;2.1;213
19.3;15;25.1;3.5;73.38;-99;2.7;6.133;-99;0;214
19.2;16.5;26.5;3;82.88;-99;3.9;3.183;-99;1.81;215
18.2;15.6;22.4;3.4;71.5;-99;4.9;4.617;-99;0.39;216
18;14.2;21.9;2.8;68.75;-99;4.6;6.367;-99;0;217
16.8;13.2;20.1;3.2;69.88;-99;5.6;10.683;-99;0;218
18.6;12;24.6;3.7;60.08;-99;3.2;11.983;-99;0;219
20.9;15.6;25.2;4.1;54.29;-99;4.7;6.883;-99;0;220
20.1;16.5;24.6;3.6;63.46;-99;3.6;9.683;-99;0;221
18.1;14.2;21;3.2;75.13;-99;3.2;10.117;-99;0;222
17.4;16;18.3;1.5;89.29;-99;6.1;0;-99;0.17;223
16.4;14.7;20.1;1.7;86.63;-99;5.9;1.15;-99;1.11;224
16.9;14.7;19.6;2.8;73.58;-99;5.4;9.633;-99;0.09;225
17.4;15.1;19.7;3;68.42;-99;4;13.933;-99;0;226
21.3;14.9;27.4;4;63.67;-99;4.9;10.4;-99;3.57;227
18.4;15.6;20.5;2.2;82.29;-99;3.8;8.3;-99;0;228
19.8;14.6;25.1;2.7;75.54;-99;3.3;7.817;-99;4.43;229
19;16.1;22.6;1.5;85.21;-99;2.9;1.267;-99;2.38;230
16.1;12.5;20.1;2.4;79.54;-99;3.7;7.8;-99;0.33;231
15.1;11.9;20.9;2.3;79.88;-99;4.2;7.733;-99;0.39;232
16.2;14;18.2;2.2;78.67;-99;9.9;2.983;-99;5.4;233
16.6;15.2;17.9;2;69.17;-99;8.5;2.9;-99;0;234
17;13;19.7;2.4;79.92;-99;3.2;12.333;-99;0;235
17.1;12.4;22.1;2.3;73.25;-99;4.1;5.8;-99;0;236
16.8;13.2;20.6;2.2;81.67;-99;4.3;7.017;-99;0;237
17.4;12.5;22;2.4;80.13;-99;3.1;9.917;-99;0;238
18;16.1;19.6;2.3;81.13;-99;5.6;7.617;-99;0;239
17.6;15.8;19.4;2.2;75.88;-99;3.1;12.867;-99;0;240
20.7;13.9;27;3.3;64.96;-99;2.9;12.983;-99;0;241
23.4;18.2;30.1;3.2;63.38;-99;2.7;7.783;-99;0.29;242
18.4;15.6;22.5;1.7;82.79;-99;6.2;2.217;-99;0.03;243
16.3;12.5;18.3;1.8;72.79;-99;3.8;8.1;-99;0;244
16.6;13;18.5;1.81;69.13;-99;3.8;10.667;-99;0;245
15.4;10.4;18.5;2.1;71.75;-99;3.3;9.283;-99;0;246
17.1;15.7;18.9;2.1;70.38;-99;7.8;12.283;-99;0;247
17.2;15.7;19.3;1.9;71.71;-99;3.7;9.567;-99;0;248
16.4;14.3;18.4;1.5;86.08;-99;5.4;0.6;-99;14.53;249
15.9;12.8;17.8;1.6;78.54;-99;9.9;0.417;-99;1.95;250
14.2;13.2;15.1;1.1;90.08;-99;4.3;0;-99;1.18;251
14.8;12.9;17.3;1.4;88.33;-99;3.8;1.25;-99;1.27;252
15;11.3;19.6;1.8;77.25;-99;3.5;9.85;-99;0;253
14.7;13.3;17.5;1.5;76.29;-99;4.5;2.083;-99;0.39;254
14.2;11.3;18.5;1.5;77.38;-99;4;3.917;-99;0.37;255
12.7;10;16.2;2.1;79.88;-99;6.3;1.117;-99;1.97;256
13.2;11.1;16.9;1.6;72.54;-99;5.7;6.767;-99;0.5;257
13.8;10.3;17;1.7;74.04;-99;5.4;6.283;-99;1.04;258
12.4;8.4;18;1.3;80.75;-99;2.8;7.933;-99;0.1;259
13.4;10.3;17.1;1.3;75.38;-99;2.6;7.267;-99;0;260
12.7;8.5;16.1;1.3;78.83;-99;2.7;9.4;-99;0.01;261
12.4;8.7;16.6;1.4;80;-99;3.9;9.05;-99;0;262
13;11.3;15.6;1.09;87.17;-99;3.8;0.467;-99;0.29;263
14;11.6;16.1;0.8;85.83;-99;1.9;0.583;-99;0;264
12.3;7.5;15.9;1.1;87.75;-99;2;9.867;-99;0;265
12.8;8.2;15.3;1;87.75;-99;3.1;7.417;-99;0.88;266
15.9;14.3;20.2;1;88.5;-99;3.3;5.417;-99;0;267
15.4;13.7;18.5;1;84.42;-99;2.9;3.8;-99;0.04;268
15;13.5;17.6;0.9;85.13;-99;3.2;0.25;-99;0;269
15.7;12.8;20.4;1.2;83.25;-99;3.5;2.717;-99;1.3;270
14.4;12.5;17.3;1.1;78.04;-99;4.9;2.217;-99;0.07;271
15.6;12.1;20.2;1.5;74.88;-99;5.1;8.233;-99;0;272
14.3;9.7;19.1;1.5;69.38;-99;5.9;4.7;-99;0;273
13.3;11.5;15.6;0.9;84.79;-99;3.5;3.617;-99;1.04;274
12.9;11.1;15.1;0.9;88.88;-99;4.5;0.017;-99;3.55;275
13.4;11.5;16.1;1.1;79.71;-99;5.6;6.667;-99;0.5;276
11.6;9.3;13.1;1;83.79;-99;6;0;-99;5.91;277
10.7;8.7;12.6;1.1;87.58;-99;8.6;0.15;-99;29.9;278
12.3;10.2;13.8;1.2;82.67;-99;9.7;4.033;-99;10.07;279
11.3;10;12.8;0.9;88.96;-99;6.9;0;-99;7.98;280
11.4;10.8;11.9;1.2;69.63;-99;9.1;6.55;-99;0;281
11.5;8.6;13;0.8;75.42;-99;8.2;5.233;-99;0;282
11.5;8.6;14.1;0.6;92.88;-99;3.7;0;-99;1.64;283
14.2;13.1;16.1;1.1;87.96;-99;4.8;0.55;-99;2.71;284
13.3;12;14.4;1.6;78.83;-99;8.7;2.733;-99;0.67;285
13.5;10.5;16.1;0.9;81.38;-99;4.2;5;-99;0;286
16.3;15.4;17.2;0.6;86.75;-99;4.6;0;-99;0;287
16.2;13.7;20.2;0.6;86.96;-99;3.2;3.633;-99;0;288
14.9;13.1;17.3;0.7;87.42;-99;3.1;8.433;-99;0;289
15;11.7;17.1;0.7;78.63;-99;3.6;2;-99;0;290
12;9.6;15;0.6;89;-99;2.2;5.867;-99;0;291
12.8;10.5;15.9;0.6;86.75;-99;3.3;1.45;-99;0;292
12.8;10.8;15;0.4;93.29;-99;3.5;0.717;-99;3.21;293
12.2;10.8;14.5;0.5;87.71;-99;3;0.633;-99;0.5;294
11.5;10.3;14;0.8;89.5;-99;2.8;2.067;-99;1.25;295
10.5;9.3;11.6;0.4;91.58;-99;2.4;0;-99;0;296
11.4;9.7;14.9;0.4;92.17;-99;3.5;0;-99;3.74;297
14.5;12.1;16.7;1.2;87.04;-99;6.1;0.55;-99;1.01;298
12.3;11.2;13.5;0.5;85.67;-99;5.5;0.867;-99;0;299
11.5;10;12.3;1;80.58;-99;11.8;0.883;-99;1.24;300
11.5;10.6;12.5;0.9;83.5;-99;12.3;0;-99;0.22;301
9.9;7.2;12;2.1;71.79;-99;16.1;2.35;-99;7.23;302
8.6;6.3;9.4;1;63.71;-99;10.7;4.483;-99;0;303
8.9;8;9.9;0.5;80.29;-99;6.3;0.283;-99;0.19;304
11.5;9;13.4;0.7;91.5;-99;5.4;0;-99;1.85;305
10.6;9;12;0.9;86.75;-99;7.7;1.567;-99;0.86;306
10;8.4;12;0.4;81.04;-99;4.8;0.333;-99;0;307
9.7;8.2;11.2;0.5;83.04;-99;3.2;3.683;-99;0;308
10.7;9.6;12;0.4;89.17;-99;4.6;0;-99;3.89;309
8.4;4.8;10.6;0.4;81.75;-99;5;4;-99;0;310
5.5;2.5;9.5;0.3;85.38;-99;2.7;8.267;-99;0;311
7.7;6.2;9.3;0.4;81.46;-99;2.8;1.017;-99;0;312
7.4;6.6;8.3;0.3;86.67;-99;3.7;0.05;-99;0.63;313
7.9;6.1;9.1;0.7;85.92;-99;6.8;0;-99;4.07;314
5.9;4.1;7.3;0.6;81.58;-99;7.3;2.067;-99;0.52;315
5.2;3.5;7.8;0.3;86.38;-99;4.3;1.667;-99;2.34;316
7;3.6;8.2;0.4;77.08;-99;7.4;4.183;-99;0;317
5.3;2.2;8.5;0.2;89.17;-99;4.8;0.333;-99;0.57;318
8.1;5.7;9.4;0.2;94.5;-99;2.7;0.017;-99;0;319
7.3;3.8;9.2;0.2;94.67;-99;3.5;0;-99;0.63;320
7.8;5.7;9.1;0.5;78.38;-99;6;6.767;-99;0.16;321
5.8;3.7;6.9;0.7;80.83;-99;7.1;0.2;-99;3.4;322
5.8;4.3;8.1;1.2;77.5;-99;10.9;1.017;-99;6.74;323
5.7;4.3;7;0.5;83.21;-99;7.3;0.533;-99;0.23;324
4.5;3.7;5.5;0.1;91.46;-99;2.6;0.033;-99;0.09;325
8.7;4.5;10.9;0.4;92.13;-99;5.2;0;-99;3.67;326
10;7.6;13.3;0.6;71.96;-99;5.8;2.283;-99;0;327
6.7;4.1;7.9;0.2;88.21;-99;3.2;0;-99;9.26;328
3.8;2.7;5.2;0.1;95.25;-99;2.6;0;-99;0;329
4;2.1;5.9;0.3;84.58;-99;5.3;0;-99;0;330
4.4;2.8;6.1;0.4;86.96;-99;5.8;0;-99;2.02;331
5.8;4.9;6.7;0.5;82.17;-99;6.1;0.033;-99;0.83;332
4.6;4;5.6;0.3;88;-99;3.5;0.1;-99;1.06;333
3.3;2.3;4.4;0.1;90.42;-99;1.9;0;-99;1.47;334
4;2.5;5.1;0.3;83.54;-99;4.9;0.617;-99;1.29;335
1.8;0;4.3;0.2;85.46;-99;3.6;2.167;-99;0;336
2.8;0.4;6.6;0.3;90.83;-99;6.3;0;-99;0.71;337
5.6;4.2;6.2;0.4;78.67;-99;10.3;5.217;-99;0;338
7.4;5.4;8.6;0.6;91.13;-99;8.8;0.05;-99;0.2;339
7.8;7.1;8.8;0.7;82;-99;7.8;0;-99;0.56;340
6.7;5;8.7;0.6;75.79;-99;6.8;0;-99;1.98;341
3.7;1.5;6.6;0.5;87.96;-99;5.1;0;-99;1.12;342
2.4;0.7;4.8;0.4;86.5;-99;5.5;1.083;-99;0.03;343
1;-0.9;2.2;0.3;80;-99;5.3;1.7;-99;0.06;344
0.4;-1.1;2.1;0.1;93.17;-99;2.6;0;-99;3.07;345
3;1.3;4.3;0.4;89.88;-99;6.7;0;-99;4.31;346
2.1;1;3.4;0.3;84.63;-99;5.5;3.733;-99;0.31;347
3.2;0.8;4.5;0.7;86.96;-99;5.3;0.233;-99;1.06;348
2.9;2;3.9;0.2;87.25;-99;3.2;1.667;-99;0.27;349
3.5;2.4;4.5;0.2;86;-99;5.2;1.85;-99;0.85;350
1.8;0;3.6;0.2;82.17;-99;5.5;3.2;-99;0.08;351
1;-0.2;3.1;0.2;84.58;-99;2.8;6.55;-99;0;352
3.8;1.7;4.8;0.1;89.46;-99;4.1;0;-99;0;353
5;3.4;6.8;0.1;94.83;-99;2.8;0;-99;0;354
5.6;4.9;6.8;0.3;96.88;-99;6.8;1.55;-99;0.2;355
5.4;4.7;6.5;0.2;92.79;-99;8;2.233;-99;0;356
6.9;4.7;8.8;0.2;91.88;-99;9.3;0;-99;0;357
8.6;7.6;9.5;0.5;90.92;-99;8.9;0;-99;0.03;358
8.6;7.5;9.4;0.5;83.5;-99;6;0;-99;0.06;359
5.8;3.8;7.8;0.5;76.13;-99;5.6;1.45;-99;0.03;360
3.9;2.4;6.3;0.2;80.71;-99;3.8;0;-99;0;361
3.7;2.2;4.6;0.2;85.88;-99;4.1;0;-99;0;362
3.2;0.2;4.5;0.3;78.75;-99;4.4;0.683;-99;0;363
2.8;0.3;6.7;0.4;86.17;-99;5.1;0;-99;2.4;364
7.3;4.4;11.5;0.3;93.54;-99;4.9;0.017;-99;5.83;365
