tavg;tmin;tmax;ET0;relhumid;vapp14;wind;sundu;globrad;precip;jday
C_deg;C_deg;C_deg;mm;%;mm_Hg;m/s;hours;J cm-2 d-1;mm;
55;2;-----;-----;-----;-----;-----;-----;------;-- -;-
1.4;-0.6;3.2;0.4;92;-99;10;5;-99;0;1
-0.7;-2.4;0.1;0;98;-99;5.3;4.2;-99;0;2
-2.7;-5;0;0;99;-99;3.3;0.4;-99;0.06;3
0.6;-0.1;1.2;0.1;91;-99;3.7;0;-99;0.04;4
-3.1;-5.4;0.1;0;82;-99;4.1;4.1;-99;0;5
-0.1;-5.3;2.4;0.1;92;-99;4;0;-99;2.05;6
1.6;0.3;2.7;0.1;96;-99;3.9;3.5;-99;0.59;7
5.2;1.7;8.4;0.2;93;-99;3.9;1.7;-99;0;8
4.3;1.9;7.2;0.3;89;-99;3.4;0.8;-99;0.38;9
1.7;-0.3;3.3;0.2;89;-99;3.2;0;-99;0;10
0.4;-1.4;1.9;0.1;92;-99;3.7;2.1;-99;0.06;11
2.8;1.9;4;0.3;89;-99;5.5;0.4;-99;0.17;12
2.9;1.7;6.2;0;97;-99;2.2;0;-99;0.88;13
7.3;3.8;9.4;0.1;98;-99;3.5;0;-99;3.09;14
6.6;3.8;8.5;0.4;92;-99;5.7;0;-99;1.01;15
8.8;7.7;9.9;0.5;83;-99;4.9;0;-99;0;16
8.2;7.1;9.6;0.3;84;-99;3.5;0;-99;0.03;17
4.2;2;8.3;0.3;92;-99;5;0;-99;0.04;18
1.7;0.6;3;0.2;97;-99;4.5;0.1;-99;0.03;19
0.1;-1.3;0.9;0.1;90;-99;4.9;0;-99;0;20
-0.7;-1.5;0.2;0;96;-99;4.4;0;-99;0;21
-0.1;-1.2;1;0.1;97;-99;3.8;0;-99;0;22
0;-1.2;0.5;0;100;-99;4.7;0;-99;0;23
1.7;-0.5;4.3;0.1;97;-99;3.6;0;-99;0;24
2.5;0.6;4.4;0.2;96;-99;5.3;0;-99;1.12;25
-0.3;-1.4;1.1;0;89;-99;5.5;0;-99;0;26
-1.6;-3.8;-0.6;0;77;-99;4.2;3.8;-99;0;27
-3.1;-4.7;-1;0;85;-99;1.5;7.8;-99;0;28
-2.5;-5.9;-0.1;0.1;89;-99;2.8;7.8;-99;0;29
-0.8;-3.1;1.7;0;94;-99;2.3;1.3;-99;0;30
-2.1;-3.2;-1.2;0;86;-99;2.7;0;-99;0.12;31
-1.6;-2.9;-0.3;0;89;-99;4;0;-99;0;32
1.7;-0.3;2.9;0.1;97;-99;4.8;0;-99;0;33
4;2.1;6.5;0.5;85;-99;5.7;2.4;-99;0.03;34
6.1;2.4;10;0.9;88;-99;7.5;0;-99;2.24;35
8.1;5.7;9.9;0.9;87;-99;9.6;0;-99;0.54;36
6.2;4.3;9.4;0.5;92;-99;3.8;0;-99;2.96;37
8.1;6.3;10.2;0.9;81;-99;6.3;0.1;-99;0.03;38
4.5;3;6.3;0.9;80;-99;10.3;5;-99;0;39
3;1.6;4.6;0.4;85;-99;5.1;2.4;-99;0;40
4;1;7.4;0.4;84;-99;4.4;0;-99;0.22;41
3;-0.6;5.6;0.7;85;-99;8.3;1;-99;0.03;42
-1.2;-3.7;1.5;0.3;66;-99;3.8;8.6;-99;0;43
-0.2;-1.3;0.9;0.4;68;-99;6;0;-99;0;44
-1.1;-2.7;-0.3;0.1;55;-99;7.1;0;-99;0;45
-2.2;-4.2;-0.6;0;54;-99;8.5;0;-99;0;46
-1.6;-2.3;-0.8;0.19;65;-99;6;0;-99;0;47
-1.5;-3.2;-0.2;0;76;-99;3.3;0;-99;0;48
-1.2;-2;-0.5;0;81;-99;4.2;0;-99;0;49
-1.7;-3;-0.9;0;69;-99;4.3;0;-99;0;50
-3;-3.9;-1.3;0;65;-99;3.4;2.3;-99;0;51
-4.1;-5.9;-2.5;0;67;-99;3.4;5.1;-99;0;52
-6.4;-8.1;-4.1;0;71;-99;2.8;4.3;-99;0;53
-6.2;-9.3;-3.2;0;58;-99;4.4;8.3;-99;0;54
-3.4;-6.7;1.1;0.1;48;-99;5.3;3.7;-99;0;55
-1.8;-6.4;3.4;0.5;46;-99;4.5;5.6;-99;0;56
0.2;-4;6.3;1;53;-99;5.5;8.9;-99;0;57
-1.2;-3.8;2.7;0.5;77;-99;4.9;6.3;-99;0;58
-0.3;-2.6;1.9;0.4;86;-99;3;0.5;-99;0;59
-1.2;-3.7;1.6;0.5;93;-99;3.8;6.6;-99;0.12;60
-1.3;-2.5;-0.4;0.1;93;-99;2.5;0;-99;0;61
-2.3;-3.6;-0.1;0.1;94;-99;2.5;2;-99;0;62
-1.7;-3.5;0.6;0.2;94;-99;4.1;0;-99;0;63
1.4;0.2;2.7;0.9;91;-99;7.4;7.9;-99;0;64
0.2;-2.4;2.2;1.1;83;-99;4.7;10.5;-99;0;65
0.5;-4.2;5.2;1.1;61;-99;2.6;10.6;-99;0;66
3.1;-1.6;8.8;1.7;39;-99;3.2;10.6;-99;0;67
4.4;1;8.8;1.2;68;-99;4.9;3.5;-99;0.14;68
5.4;2.2;7.9;1.1;81;-99;6.5;1.2;-99;0.21;69
5.1;1.9;8.1;1.4;71;-99;6.6;8.7;-99;0;70
6.2;1;11.7;1.3;70;-99;3.5;6.3;-99;0;71
7.8;4.4;11.6;0.9;72;-99;2.4;1.1;-99;0;72
5.1;2.9;8.4;0.4;93;-99;1.7;0;-99;0.96;73
2.7;0.1;6.1;0.7;84;-99;3.4;3.4;-99;0;74
2;-0.2;4.6;0.8;83;-99;4.2;7.8;-99;2.43;75
2.2;1.1;3.4;0.4;90;-99;3;0;-99;0.48;76
2;0.8;4.7;0.3;94;-99;6.1;0.3;-99;0.01;77
2.2;0;6.1;1;91;-99;6;6;-99;0;78
2.9;0.7;5.9;0.7;90;-99;4;6.1;-99;0;79
6.9;3;11.1;1.7;64;-99;4.1;5.8;-99;0;80
8.2;3.5;13.1;1.9;78;-99;6.1;11.4;-99;0;81
4.9;2.5;9.3;1.6;82;-99;6.6;9.9;-99;0;82
6.5;4.9;8.4;2.1;81;-99;8.9;11.5;-99;0;83
5.7;3.3;7.2;1;84;-99;7.9;1.5;-99;0;84
2.8;-0.1;5.1;1.5;67;-99;5;7.5;-99;0;85
2.7;-1.2;8.4;1.6;69;-99;2.5;10;-99;0;86
3.6;0.5;5.7;1.4;77;-99;5.7;7.2;-99;0;87
5.1;-0.1;10.2;1.5;74;-99;4.2;7.1;-99;0;88
5.9;3.4;9;0.9;76;-99;3;1.1;-99;0;89
9.8;5.3;15;1.3;80;-99;4.6;1.4;-99;0.66;90
11.2;8.3;14.7;2.3;77;-99;6.7;8.9;-99;0;91
15.3;11.4;20.5;2.1;75;-99;3;6.9;-99;0;92
10.5;6.4;16;1.5;88;-99;2.9;3.4;-99;0.93;93
7.8;5.4;11.1;1.8;86;-99;4;7.1;-99;0;94
9;5.3;13.6;1.6;77;-99;4.6;1.2;-99;0.47;95
11.8;9.9;14.2;0.8;88;-99;6.1;0;-99;0;96
9.9;6;14.8;2;83;-99;9.7;7;-99;0.26;97
7.7;5.8;11.8;1.8;82;-99;12.9;4.9;-99;0.03;98
7;5.2;8.8;2.7;81;-99;7.8;12.4;-99;0.07;99
8.6;5.3;11.5;2.9;74;-99;4.8;11.7;-99;0.01;100
10.4;8.1;13.2;2.6;68;-99;2.7;7.3;-99;0;101
7.5;5.9;10.2;2;82;-99;11;3.4;-99;3.48;102
5.6;4.9;6;1;94;-99;9.9;0;-99;2.3;103
6.3;4.7;8.4;1.2;90;-99;5;5.8;-99;0;104
7.3;3.2;10;2.3;80;-99;1.9;13.2;-99;0.06;105
10.2;6.2;13.8;2.7;62;-99;2.8;10.2;-99;0;106
8.8;6;11.4;2;80;-99;3.6;6.2;-99;0;107
9.3;6.6;12.1;2.6;76;-99;2.5;13.8;-99;0;108
13.9;8;21;3.1;62;-99;3.4;11.3;-99;0;109
14;10.7;20.9;3.5;57;-99;3.4;12.2;-99;0;110
12.6;7.8;18.3;3.4;60;-99;2.8;13.4;-99;0;111
14.3;8.4;22.3;3.9;57;-99;2.7;13.4;-99;0;112
14.6;10.7;20.4;3.7;49;-99;4;13.4;-99;0;113
10.2;6.4;13.5;3;77;-99;3.1;13.8;-99;0;114
8.6;5.9;12;3.29;82;-99;3.5;13.6;-99;0;115
8.4;6.2;10.9;3.5;83;-99;3.8;13.5;-99;0;116
8.7;6.8;11.7;2.9;84;-99;4.9;9.6;-99;0;117
12.5;9.1;17.9;2.8;62;-99;3.5;10.4;-99;0;118
11.3;7.6;16.5;3.4;52;-99;4.3;11.6;-99;0;119
9.2;6.6;12.6;3.2;61;-99;5.1;14.2;-99;0;120
7.1;4.4;9.2;2.6;75;-99;5.6;14.1;-99;0;121
6.2;3.2;9.1;2.4;66;-99;6.6;8.7;-99;0;122
6.6;2.3;9.5;2.4;64;-99;2.5;13.1;-99;0;123
6.7;4.5;8.4;2.6;77;-99;4.7;13.4;-99;0.08;124
8.8;6;11.9;3;66;-99;3.5;12.7;-99;0;125
12.6;6.8;20.1;4.1;50;-99;3.5;13.9;-99;0;126
14.9;9.4;22.4;4.9;43;-99;4.8;14.4;-99;0;127
13.8;7.8;20.6;3.8;54;-99;4.3;14.9;-99;0;128
17.4;10.6;24.9;5.1;52;-99;4.6;14.3;-99;0;129
18;11.5;27.2;4.8;52;-99;3.6;11.6;-99;0;130
15.1;11.7;21.5;3.6;71;-99;2.7;11.3;-99;0;131
12.4;10.2;14.8;2.4;84;-99;2.1;4.1;-99;1.2;132
12.2;9.3;15.9;3;78;-99;5.1;11.3;-99;0;133
12.2;7.5;21.4;2.7;73;-99;3.8;4.4;-99;2.18;134
10.6;7.3;13;2.3;79;-99;5.8;6.9;-99;0.06;135
10.8;7.7;13.2;1.4;87;-99;4.7;0.2;-99;0.84;136
12.9;11.3;15.4;2.2;84;-99;5.7;1.2;-99;1.04;137
15.7;10.9;19.7;2.4;73;-99;3.1;1.4;-99;0;138
13.4;11.1;16.2;2.2;79;-99;3;1.4;-99;0;139
12.9;10.2;16.2;2;83;-99;1.5;1.2;-99;0.07;140
14;9.1;18.3;3.5;76;-99;3;14.3;-99;0;141
16.7;10.9;26.4;4.1;70;-99;5;7.9;-99;1.94;142
15.7;9.8;20.5;4.2;62;-99;3.8;13.7;-99;0;143
13.6;9.4;16.7;3.4;63;-99;6.4;6.7;-99;0.09;144
12.3;8;16.2;3.7;69;-99;4.9;13.5;-99;0;145
16.2;9.7;24.8;4.91;60;-99;5.1;8.9;-99;0.96;146
13.4;10.9;17.7;3;74;-99;6.4;5.5;-99;0.15;147
13.1;9;16.6;2.9;69;-99;4.3;5.5;-99;0.18;148
14.4;10.3;16.9;2;78;-99;3.8;0.7;-99;0.06;149
18.1;14.3;27.5;4.4;74;-99;3.3;13.8;-99;0;150
17;12.6;23.7;4;77;-99;5.9;10.5;-99;1.84;151
13.5;11;15.7;3.8;74;-99;7.3;15.3;-99;0;152
15.2;12.6;18.2;4;75;-99;4.1;15.9;-99;0;153
16.4;14.6;18.9;4;83;-99;2.8;16.2;-99;0;154
16.9;12.8;19.6;4.1;80;-99;3;16.3;-99;0;155
20.7;13.3;30;4.7;67;-99;3.1;14.8;-99;0;156
22.3;17;30.5;4.6;69;-99;4.1;11.9;-99;0;157
17.7;15.1;21.7;2.3;92;-99;2.2;1.6;-99;2.66;158
18.4;13.8;24.7;2.61;87;-99;3.4;4.1;-99;0.31;159
15.7;13.1;19;3.8;79;-99;8.4;11.6;-99;0.45;160
15.3;12.1;17.4;3.8;71;-99;5;15.6;-99;0;161
15.7;11.3;21.8;3.4;74;-99;3.6;10.9;-99;0.03;162
14.9;10.9;17.5;3.2;72;-99;2.8;12;-99;0.09;163
18.5;12.7;24.5;4.3;62;-99;2.9;9;-99;0;164
17.5;15.1;19.6;3.6;75;-99;5.2;10.2;-99;0;165
16.2;13.7;18.7;3.8;68;-99;3.1;11.6;-99;0;166
18.2;14.5;24.5;3;80;-99;3.2;4.6;-99;1.35;167
15.7;12.8;19;3;79;-99;4.3;5;-99;0.4;168
15.7;11.6;21;2.9;80;-99;3.8;3.1;-99;2.64;169
13.4;10.6;16.7;2.4;84;-99;5.4;4.1;-99;3.29;170
15.3;11.7;18.2;3.5;76;-99;7.7;9.6;-99;1.56;171
15.3;10.2;20.4;3.1;79;-99;3.2;7.8;-99;0.88;172
17.3;13;22.6;3.6;80;-99;3.8;7.5;-99;4.33;173
15.2;12;20.7;3.1;80;-99;4.6;5.6;-99;0.4;174
14.3;11.7;16.8;3.1;75;-99;6.4;6.9;-99;0.45;175
15;11.2;18;3.4;71;-99;5.5;8.1;-99;0.26;176
15.4;13.1;17.7;1.9;84;-99;2.5;3.1;-99;0;177
18.5;13.2;22.3;4.2;77;-99;3.4;16.2;-99;0;178
20.1;14.9;26.4;5.3;59;-99;4.6;16.4;-99;0;179
21.7;15;28.8;4.8;60;-99;3.5;14.9;-99;0;180
15.7;14.2;18.9;1.7;86;-99;10.4;0;-99;1.24;181
15.5;13.6;18.3;3.7;74;-99;10.6;10.5;-99;0.08;182
15;13.5;16.9;1.6;92;-99;11.4;0;-99;7.69;183
17.1;16.3;18.7;1.4;99;-99;6.5;0.3;-99;0.11;184
16.5;16.1;16.9;1.3;99;-99;7;0;-99;2.53;185
17.4;15.2;19.8;3.11;89;-99;2.6;8.3;-99;0;186
19.9;14;25.6;4.3;68;-99;3.8;13.9;-99;0;187
18.6;16.6;21.4;3.4;80;-99;3.8;12.2;-99;0;188
18.6;15.8;21.7;2.7;87;-99;2.8;4.8;-99;2.91;189
21;15.1;27.1;4.2;67;-99;3.4;11.4;-99;2.61;190
18.9;15;22;3.2;70;-99;3;8.4;-99;0.01;191
18.4;15.7;20.6;3.1;81;-99;3;9.5;-99;1.56;192
18.5;16.9;21.1;3.7;73;-99;3.6;13.9;-99;0;193
18.5;16.6;22.2;2.3;84;-99;3.8;0.3;-99;1.36;194
17.2;15.6;19.4;2.4;80;-99;4.5;1.4;-99;12.58;195
15.7;13;18.5;1.8;83;-99;5.3;0.4;-99;0.87;196
18.4;10.7;24.8;4.1;65;-99;3.7;12.2;-99;0;197
18.4;15.5;23.6;2.7;75;-99;3.7;0.8;-99;1.46;198
17.7;14.1;22.3;3.4;71;-99;3.7;7.6;-99;0.14;199
17.8;13.1;22.8;3.8;72;-99;3;13.1;-99;0;200
17.7;14.4;20.2;3.2;83;-99;4.2;7.1;-99;0;201
16.9;15.4;17.7;1.7;88;-99;8.7;0;-99;4.75;202
15.2;14.6;15.6;1.5;96;-99;14;0;-99;38.31;203
13.9;12.1;15.2;2.1;88;-99;7;0;-99;6.81;204
12.8;11.6;14.3;1.9;85;-99;5.7;0.2;-99;0.43;205
14.5;12.3;16.6;1.2;90;-99;3;0;-99;0;206
16.2;14;18.9;2.3;86;-99;2.6;4.5;-99;0.04;207
16.8;11.9;19.9;3.4;85;-99;2.1;11.4;-99;0.06;208
17.8;16.2;20.5;2.1;86;-99;6.3;3.8;-99;2.56;209
15.9;14.2;17.6;1.7;92;-99;11;0;-99;20.23;210
17.6;16.3;19.2;2;94;-99;7;4.6;-99;3.7;211
18.3;16.2;20.9;1.9;92;-99;3.1;8.8;-99;0;212
17.5;15.9;19.3;2;93;-99;4.5;2.4;-99;0;213
19.5;14.4;26.6;3.7;75;-99;2.8;14.1;-99;0;214
19.9;15;25.6;3.5;75;-99;3.8;7.4;-99;0;215
20.8;17.5;26.2;2.9;73;-99;3.7;6.1;-99;0.01;216
19;16.4;22.2;2.1;89;-99;2.3;4.9;-99;0.14;217
18.7;16;22.8;2.4;91;-99;2.7;4.1;-99;15.58;218
18.4;15.5;21.7;2.6;82;-99;4;5.2;-99;0.47;219
15.6;13.3;21.7;2.5;80;-99;3.6;4.4;-99;2.73;220
15.4;13.4;17.9;2.5;83;-99;7.8;3.8;-99;1.09;221
14.6;12.2;17.2;2.2;78;-99;9.5;2.5;-99;1.34;222
15.4;12.1;18;1.4;92;-99;4.5;0;-99;6.73;223
16.6;15.7;18.9;1.3;94;-99;2.5;0.1;-99;8.91;224
17.1;15.1;19.5;2.1;92;-99;2.3;8;-99;0;225
18.1;14.4;22.4;1.8;88;-99;4.2;2.4;-99;3.31;226
17.7;15.7;20.5;2.3;80;-99;5.2;5.6;-99;0.03;227
16.8;13;20.1;2.2;74;-99;4.2;8;-99;0;228
18.6;15;24.3;2.8;71;-99;3;4.8;-99;0;229
16.9;15.7;18.6;2;77;-99;3.1;4.3;-99;0.09;230
16.6;14.9;19.9;2.1;84;-99;8;3.7;-99;4.45;231
17.4;13.8;21.6;2.8;73;-99;6;13;-99;0;232
21;15.3;26.4;3.4;64;-99;3.2;8.9;-99;1.53;233
18.5;15.2;20.7;2.6;83;-99;4.8;8.4;-99;0;234
18;14.2;23.2;2;78;-99;3.2;3.9;-99;1.34;235
19.8;16.4;22.3;2.2;82;-99;3;7;-99;0.1;236
18.9;17.5;20.5;1.9;92;-99;3;5.6;-99;1.5;237
23;17.5;29.2;2.9;80;-99;5.2;5.2;-99;0.09;238
17.1;14;21;1.3;90;-99;4.9;0.3;-99;0.39;239
15.2;12.7;19.1;2;77;-99;4.6;6.5;-99;0.16;240
13.4;10.3;16.5;1.8;80;-99;5.1;2.6;-99;1.37;241
13.5;10.8;15.6;1.6;82;-99;5.9;4.1;-99;0.86;242
13.1;10.9;15.7;0.9;91;-99;3.4;1;-99;0.27;243
14.8;11.5;17.1;1.4;79;-99;4.4;5.8;-99;1.52;244
14.4;11.3;17.2;1.9;77;-99;3;8.8;-99;0;245
19.3;12.4;26.5;2.3;74;-99;2.8;9.7;-99;0;246
21.6;17;27.2;2.3;74;-99;3.6;5.1;-99;0;247
17.7;13.2;21;1.4;85;-99;3.8;0.6;-99;1.56;248
15.9;12.5;21;2.3;74;-99;5.5;6.8;-99;0.36;249
14.3;12;17.3;2;83;-99;5.8;2.4;-99;0.8;250
13.8;11.8;15.5;1.6;84;-99;6.3;3;-99;0.85;251
14.3;10.4;17.1;1.4;85;-99;3.6;4.1;-99;1.07;252
17.7;15.1;21;1;90;-99;2.6;0.3;-99;0;253
19.5;16.8;22.6;2.1;85;-99;3.1;4.9;-99;0.33;254
17.7;15.2;20.4;1.8;81;-99;5.1;1.6;-99;0.49;255
16.7;12;19;2.1;67;-99;6.2;3.3;-99;0;256
14;12;17.4;1.5;79;-99;5.9;1.7;-99;0.27;257
14;11.9;16.2;1.6;80;-99;9.3;6.8;-99;0.23;258
13.2;10;15.5;1.5;72;-99;5.6;9.9;-99;0;259
13.7;9.8;17.6;1;79;-99;3.5;0.1;-99;0.06;260
14.6;11.8;18.1;0.7;88;-99;3.2;0.1;-99;0.36;261
13.4;9.6;17.2;1.4;78;-99;3.6;5.7;-99;0;262
15;9.5;19.6;1.6;78;-99;4;6;-99;0;263
16;12.8;18.9;1.3;75;-99;4;1.5;-99;0;264
14.6;11.8;17;1.4;76;-99;5.7;4.2;-99;0.06;265
12.9;9.5;16.4;1.1;78;-99;4.6;5;-99;0;266
13.7;9.9;19.5;1.4;80;-99;2.9;6.1;-99;0;267
16;11.1;22.2;1.6;74;-99;2.5;10.4;-99;0;268
17.8;12.3;23.8;1.7;77;-99;3.3;7.9;-99;0.3;269
14;10.2;15.9;1.2;86;-99;3.5;9;-99;0.09;270
14.3;9.8;18;1.3;82;-99;2.8;10.4;-99;0;271
16.2;12.9;19.4;1.4;78;-99;2.3;10.3;-99;0;272
17.5;12.6;22.4;1.6;72;-99;2.6;11.3;-99;0;273
17.1;12.6;23.4;1.4;80;-99;2.4;11.1;-99;0;274
16.9;13.2;22.4;1.4;83;-99;2.4;10.4;-99;0.06;275
18.1;14.3;21.8;1.1;76;-99;4;2;-99;0;276
16.8;14.2;19.3;1.2;74;-99;5.1;1.2;-99;0.04;277
15.3;12.7;17.7;1;78;-99;4.4;0.4;-99;0.24;278
14.4;9.2;18.3;1.5;79;-99;7.1;0.1;-99;2.92;279
10.1;6.6;12.8;0.8;79;-99;6.1;4.6;-99;3;280
10.9;8.6;12;0.9;76;-99;12.3;0.8;-99;2.16;281
10.3;7.9;13.1;0.9;76;-99;4.8;4.5;-99;1.17;282
12.9;8.6;15.6;0.9;94;-99;6.8;0;-99;2.56;283
12.2;9.6;13.7;1.1;85;-99;8.4;1.3;-99;1.7;284
12;10.8;13.3;0.9;75;-99;11.6;4.6;-99;0;285
10.6;8.5;11.6;0.8;73;-99;6.9;9.3;-99;0;286
7.8;4.3;10.7;0.7;70;-99;2.7;9;-99;0;287
7.2;3.1;11.9;0.7;75;-99;2.5;10.1;-99;0;288
8.6;4.1;14.4;0.8;71;-99;3.4;10.1;-99;0.06;289
8.5;4.9;13.4;0.7;79;-99;3.6;8;-99;0;290
8.4;7.1;11.1;0.6;87;-99;4.9;0.1;-99;0.31;291
9;7.1;11.9;0.7;79;-99;5.5;5.4;-99;0.05;292
7.5;5.4;9.9;0.8;83;-99;5.5;5.9;-99;0.24;293
7.4;4.9;11.5;0.6;82;-99;3.5;6.8;-99;0.07;294
7.1;3.6;11.5;0.7;74;-99;3.3;8.7;-99;0;295
6.3;2.5;11.5;0.6;78;-99;4.8;9.3;-99;0;296
6.3;3.7;8.3;0.3;90;-99;6.4;0.1;-99;0;297
8.7;7.4;10.6;0.6;80;-99;5.4;4.5;-99;0;298
10;7.9;12.5;0.5;87;-99;3.6;0.1;-99;0.09;299
8.4;4.9;11.1;0.2;97;-99;3.4;0.5;-99;0;300
11.3;9.8;14;0.4;90;-99;2.8;2.8;-99;0;301
11;9;12.9;0.3;95;-99;2.6;0.1;-99;0;302
13.5;11.5;16.1;0.6;86;-99;3.3;2;-99;0;303
13;9.5;14.7;0.3;89;-99;2.7;0;-99;0.06;304
11.7;8.5;15.3;0.5;84;-99;3.7;5.6;-99;0;305
8;6.5;9.6;0.1;98;-99;2.8;0;-99;0;306
9.3;7.1;12.4;0.3;88;-99;5.6;2.9;-99;0;307
8.1;5.7;10.5;0.3;86;-99;5;0.3;-99;0;308
8.8;5.9;13.3;0.3;86;-99;3.2;6.2;-99;0;309
7;5.6;9.1;0.2;95;-99;2.4;1;-99;0;310
8.8;7.3;9.6;0.2;94;-99;4;0;-99;0;311
8.4;4.7;10.6;0.3;87;-99;3;1.9;-99;0;312
6.2;3.3;9.7;0.1;98;-99;2.9;1.1;-99;0;313
4.8;2.2;6.5;0.1;94;-99;4;1.7;-99;0;314
1.8;0.5;3.7;0.3;84;-99;5.8;4.5;-99;0;315
2.2;-0.3;5.8;0.3;82;-99;4.6;7.7;-99;0;316
2.2;-1.3;7.1;0.2;88;-99;2;7.2;-99;0;317
3.7;-0.4;5.4;0.1;93;-99;1.6;0;-99;0;318
4;2.5;5.2;0.1;90;-99;1.5;0;-99;0;319
4.2;1.9;5.8;0.1;87;-99;2.9;0;-99;0;320
0.5;-0.9;2;0;96;-99;3;0;-99;0;321
3.2;0.7;5.2;0;96;-99;3;0;-99;0.25;322
6.1;3.8;7.8;0.1;99;-99;2;0;-99;0;323
3.5;0.8;7.1;0.1;98;-99;1.5;5.1;-99;0;324
3.1;0.5;6.7;0.1;93;-99;2.4;3;-99;0;325
2.1;0.1;3.8;0.1;90;-99;4;0;-99;0;326
2.3;1.1;3.8;0;97;-99;2.8;0.1;-99;0;327
7;3.7;8.7;0.1;94;-99;3.6;0;-99;0.06;328
7.4;5.6;8.7;0.4;85;-99;5.4;2.6;-99;0.59;329
7.5;5.5;10.1;0.6;82;-99;6;1.3;-99;1.08;330
9.5;6.9;11.1;1.3;85;-99;10.3;0;-99;0.54;331
6.9;3.8;8.8;0.3;83;-99;7.1;5.8;-99;0.12;332
3.9;1.9;6.2;0.2;85;-99;4;6.6;-99;0.19;333
7;4.1;9;0.3;81;-99;4.9;3.6;-99;0;334
5.9;3.5;9.2;0.3;86;-99;5.1;0.2;-99;0.25;335
6.5;4.3;10.9;0.4;93;-99;5.1;0;-99;1.59;336
5.1;3.4;7.5;0.5;87;-99;6.5;0;-99;2.06;337
5.2;3.1;6.4;0.8;83;-99;6.1;0.3;-99;1.5;338
3;1;4.8;0.3;88;-99;5.6;2.9;-99;0.35;339
2.4;0.7;3.5;0.2;88;-99;4.7;0;-99;0.06;340
2.7;1.2;5.5;0.2;90;-99;4.9;0;-99;2.17;341
4.9;3.6;6.9;0.5;86;-99;7.7;4;-99;1.31;342
5.4;2.9;7.8;1.1;78;-99;7.6;1.2;-99;1.07;343
1.9;0.3;3.2;0.4;89;-99;6.4;0.9;-99;0.24;344
3;1.7;4.8;0.1;87;-99;4.3;0.1;-99;0;345
3.6;0.5;6.6;0.2;87;-99;4.2;0;-99;0.43;346
4.9;2.5;7.3;0.7;85;-99;5.9;0;-99;1.41;347
5;3.5;6.8;0.4;83;-99;5.2;0;-99;0.7;348
4.9;3.6;6;0.4;82;-99;4.9;0.1;-99;0.35;349
3.4;1.1;4.8;0.3;91;-99;7;0;-99;3.85;350
4.8;4.2;5.4;0.7;85;-99;13.3;0.9;-99;0.3;351
3.7;1.7;4.7;0.3;85;-99;8.5;1;-99;0.38;352
2.6;1.1;4;0.2;88;-99;5.3;2.4;-99;0.06;353
1.1;0.3;1.7;0.2;83;-99;3.8;0;-99;0.09;354
3.5;0.3;5.1;0.1;87;-99;6.4;2.1;-99;0.46;355
3.4;1.7;6.1;0.1;94;-99;3.2;0;-99;0.2;356
8.1;5.8;9.2;0.2;96;-99;3.7;0;-99;0.03;357
5.8;3.5;8.4;0.4;91;-99;7.4;2.4;-99;0.8;358
6.9;3.2;10;0.4;91;-99;5.5;0;-99;0.35;359
10.4;9.3;11.6;0.3;90;-99;6.3;0;-99;0;360
8.8;7;11.7;0.3;89;-99;6.6;0;-99;0;361
7.3;6.7;7.9;0.3;86;-99;4.5;0.1;-99;0;362
5.4;3.3;7.4;0.6;83;-99;6.5;0.3;-99;0.81;363
4.3;2.9;5.5;0.4;89;-99;7.7;1.6;-99;0.89;364
2.1;-0.4;4.3;0;93;-99;3.9;2.3;-99;0;365
