tavg;tmin;tmax;ET0;relhumid;vapp14;wind;sundu;globrad;precip;jday
C_deg;C_deg;C_deg;mm;%;mm_Hg;m/s;hours;J cm-2 d-1;mm;
55;2;-----;-----;-----;-----;-----;-----;------;-- -;-
7.2;4.1;9.2;1;80.17;-99;5.2;1.267;-99;1.05;1
4.7;3;6.2;0.2;88.29;-99;3.4;0.35;-99;0.09;2
4.8;3.3;8;0.5;91.54;-99;5.8;1.167;-99;33.85;3
5.4;4.3;6.2;0.6;88.46;-99;5.8;1.933;-99;5.92;4
5.5;4.4;6.9;0.7;89.83;-99;4.9;0;-99;8.63;5
4.2;1.7;6;0.4;89.92;-99;4.9;0.017;-99;2.19;6
0.8;-2.6;2.9;0.3;74.42;-99;3.2;6.1;-99;0;7
-1.2;-3.6;1.7;0.2;83;-99;2.8;7.467;-99;0;8
1.5;-1.3;3.2;0.8;64.04;-99;6.3;3.283;-99;0;9
1.7;0.1;2.9;0.2;94.33;-99;3.6;0;-99;9.79;10
1.8;-0.2;4;0.1;98.5;-99;2.1;0;-99;2.58;11
1.7;1;2.3;0.2;91.33;-99;2.9;0;-99;0;12
0.3;-0.8;1.1;0.2;78.25;-99;6.1;0.833;-99;0;13
-1;-2.6;0.3;0.1;73.42;-99;5.6;6.617;-99;0;14
0.8;-2.6;3.7;0.4;75.96;-99;6.1;3.717;-99;0.1;15
3;1.7;4.5;0.4;89.83;-99;4.8;0.2;-99;1.16;16
2.2;0.9;3.1;0.3;86.25;-99;4.3;0.467;-99;1.24;17
2.1;0.5;3.4;0.2;90.75;-99;6.5;0;-99;2.76;18
2;1.1;2.8;0.2;92.04;-99;3.9;0;-99;0.03;19
1.7;0.3;2.3;0.2;88.46;-99;2.8;0;-99;0;20
0.5;-1.5;2.9;0.1;95.67;-99;1.7;0.433;-99;0;21
0.2;-1.1;1.4;0.2;88.46;-99;4.8;0;-99;1.31;22
1.9;-0.4;6.2;0.1;93;-99;3.2;0;-99;0.99;23
10.1;6.2;12.5;0.6;86.46;-99;6.4;0.033;-99;0.01;24
7.6;5.9;9.4;0.6;86.67;-99;3.7;0.917;-99;1.51;25
5.3;4.2;6.4;0.1;96.96;-99;2.5;0;-99;0.09;26
5.5;4.3;6.9;0.4;83.96;-99;4.1;0.217;-99;0;27
7.2;5.4;8.9;1.1;85.25;-99;6.5;3.533;-99;3.4;28
8.1;4.9;10.4;1.2;88.67;-99;8.9;0;-99;1.44;29
4.9;3.4;6.1;0.7;81.67;-99;8.5;3.45;-99;0;30
4.5;1.7;8.1;0.5;88.79;-99;4.4;0;-99;2.72;31
2.9;1.4;4.2;0.5;82.08;-99;5;1.9;-99;0;32
3.2;2.3;4.1;0.4;83.88;-99;3.2;0;-99;0;33
-0.1;-1.8;3.4;0;81.92;-99;5.2;0;-99;0.32;34
1.1;-0.9;3.4;0.5;86.5;-99;3.9;0.8;-99;0.1;35
0.3;-1.8;1.4;0.4;74.92;-99;3;2.983;-99;0.16;36
-2;-4;0.2;0;77.38;-99;2.1;6.517;-99;0;37
-2.9;-6.1;-0.1;0;74.92;-99;1.8;8.517;-99;0;38
-2;-4.7;1.8;0.3;72.5;-99;1.9;8.383;-99;0;39
-2.7;-5.4;0.6;0.1;76.75;-99;3.2;8.117;-99;0;40
-1;-3.8;1.8;0.2;82.71;-99;2.5;3.817;-99;0;41
1.5;0.2;2.6;0.4;88.63;-99;4.5;0;-99;0.45;42
1.6;0.1;3.2;0.5;84.58;-99;5.4;0.15;-99;0.26;43
1;-1.1;4.7;0.5;82.92;-99;3.1;5.483;-99;0;44
0.8;-2.4;5.5;0.6;73.79;-99;2.9;8.6;-99;0;45
-0.6;-2.8;1.6;0.2;83.13;-99;5.7;1.033;-99;0.93;46
3.5;1.5;5.5;0.7;82.88;-99;5.1;7.7;-99;0.35;47
3;2.4;3.6;0.3;93.25;-99;3.6;0;-99;0;48
3.1;1.4;5.3;0.6;66.08;-99;2.7;0.983;-99;0;49
2.3;0.1;5.4;0.7;74.54;-99;2.5;3.967;-99;0;50
1.1;-0.8;4.3;0.8;73.54;-99;2.8;7.683;-99;0;51
1;-1;3.1;0.5;83.67;-99;1.9;3;-99;0;52
0.9;-1.5;2.4;0.4;83.67;-99;3.3;1.917;-99;0;53
-1.2;-3.5;0.9;0.2;67.58;-99;2.4;8.85;-99;0;54
-0.9;-3.9;0.9;0.3;67.71;-99;3.6;6.533;-99;0;55
-3.2;-4.7;-1.5;0;84.17;-99;4;0.65;-99;0.93;56
-3.3;-6.9;-0.6;0;77.63;-99;4.9;2.383;-99;1.3;57
-4.5;-9.5;-1.9;0;68.54;-99;5.8;4.7;-99;2.54;58
-8.9;-12;-5.9;0;65.71;-99;3.7;9.2;-99;0.03;59
-6.9;-9.6;-3.4;0;73;-99;3.5;9.133;-99;0.06;60
-8.2;-11;-5.5;0;70.42;-99;3.2;3.883;-99;0.09;61
-6.2;-10.3;-2.1;0;67.46;-99;3.4;9.5;-99;0;62
-4.1;-8.2;-0.5;0.1;64.5;-99;5.2;6.017;-99;0;63
1.4;-2.7;6.7;0.7;71.79;-99;4.7;4.817;-99;2.01;64
2.5;-0.4;7.1;0.9;75.25;-99;3.3;7.9;-99;0;65
0.8;0.4;1.7;0.3;96.38;-99;4.2;0;-99;4.33;66
2.8;0.3;6;0.5;91.08;-99;3.6;1.583;-99;3.57;67
3.2;0.5;4.9;0.7;89.17;-99;5.1;1.15;-99;2.37;68
3.1;0.6;6.5;0.4;89.17;-99;3.4;0.067;-99;1.33;69
8.9;3.4;15.4;1.1;86.96;-99;3.3;4.25;-99;0;70
5.3;2.7;9.6;0.3;96.13;-99;2.3;0;-99;11.41;71
4.5;2.6;8.3;0.5;99.04;-99;5;0;-99;3.04;72
2.4;1.8;3.2;0.4;92.67;-99;4.2;0;-99;0.21;73
1.6;0.1;3.6;0.8;74.5;-99;5.4;4.567;-99;0;74
-0.6;-3;1.1;0.4;64.83;-99;7.1;2.033;-99;0.46;75
-2.8;-4.6;-1.2;0;65.96;-99;6.2;4.7;-99;1.1;76
-2;-4.3;0.2;0.3;51.17;-99;5.2;11.667;-99;0;77
-1.4;-4.8;1.1;1.1;60.71;-99;2.7;11.767;-99;0;78
1.3;0.1;3.1;1.2;84;-99;6.5;8.267;-99;1.82;79
2.4;-1.2;5.1;1;79.63;-99;4.1;3.15;-99;0.2;80
2.2;0.3;4.1;0.5;94.13;-99;4.5;0;-99;2.05;81
2.4;1.3;3.7;0.4;89.13;-99;2.3;0;-99;0;82
4.8;0.8;9.8;1.1;76.96;-99;2.8;0.117;-99;0;83
4.9;2.5;6.7;1.3;74.88;-99;2;6.333;-99;0;84
3;1.4;4.9;0.6;90.67;-99;4.7;0.117;-99;0;85
3.2;0.7;5.6;0.8;90.67;-99;2.8;1.217;-99;0;86
3.1;0.4;4.8;0.9;76.38;-99;4.8;0.533;-99;1.4;87
1;0.1;1.6;0.6;95.38;-99;5.4;0;-99;3.07;88
2.1;0.3;6.1;1.2;78.92;-99;3.4;9.35;-99;0;89
1.4;0.1;3.4;0.6;85.25;-99;5.3;0;-99;7.33;90
0.4;0;1;0.7;85.25;-99;5.3;0;-99;7.27;91
1.3;-3.5;5;1.4;85.25;-99;5.3;10.5;-99;0.4;92
6.5;2;12;1.2;85.25;-99;5.3;1;-99;2.44;93
11.3;7;15.9;2.4;85.25;-99;5.3;8.6;-99;6.88;94
8.6;3.5;12.7;1.5;83.04;-99;6.3;1.183;-99;1.32;95
5.6;2.8;8.4;2.1;70.21;-99;4.9;11.733;-99;0;96
11.7;4.4;18;3.4;46.42;-99;4.7;11.3;-99;0;97
15.4;10.1;21.6;3.3;54.54;-99;3.3;12.75;-99;0;98
12.7;7.2;20.5;2.7;67.33;-99;2.7;10.6;-99;0;99
7.6;5.2;12.1;1.3;82.04;-99;4.7;7.583;-99;0;100
5.6;4.7;8.1;0.9;82.29;-99;4.4;2.367;-99;0;101
9.3;4.7;14.6;1.8;77.67;-99;3.8;9.75;-99;0;102
11.1;6.1;19;1.7;82;-99;3.7;2.9;-99;0.54;103
8.6;5.6;9.6;0.7;95.13;-99;3;0;-99;4.52;104
8.8;5.7;11;1.1;91.46;-99;2.5;0.167;-99;0.15;105
6.2;5.3;8.4;1.1;96;-99;2.5;1.933;-99;0;106
10.3;6.6;14;2.7;78.08;-99;3;12.633;-99;0;107
13.8;9.8;18.9;3.4;70.83;-99;3.3;12.933;-99;0;108
14.8;9.8;20.5;3;77.33;-99;2.6;13.45;-99;0;109
17.7;10.2;28.2;4.7;64.46;-99;4.9;13.4;-99;0;110
10.8;8;13.6;3.1;76.38;-99;4.8;13.217;-99;0;111
11.4;7.8;18.6;3;75;-99;3.4;12.767;-99;0;112
13;8.8;16.8;2.9;77.13;-99;5;6.967;-99;0.2;113
11.2;7.9;14;1.8;71.25;-99;4.9;1.883;-99;0.65;114
9.6;7.3;14.5;1.9;88.46;-99;5.1;1.55;-99;4.16;115
9;6.3;13;2.1;78.58;-99;5;5.283;-99;0.35;116
11.2;6.4;14.9;2.6;64.46;-99;3.5;6.483;-99;0;117
13.2;9.5;21.3;3.1;65.38;-99;2.4;9.5;-99;0;118
12;10;15.1;2.8;79.5;-99;3.3;12.95;-99;0;119
14;11.5;18.5;2.4;74.21;-99;4.1;6.833;-99;2.79;120
10;6.5;12.3;2.4;65.75;-99;6.1;2.483;-99;0.28;121
11;4.6;16.3;3;56.38;-99;3.5;10.65;-99;0;122
9.7;7.4;12.2;3.1;76;-99;4;13.067;-99;0;123
8.9;5.4;11.1;2.8;82.38;-99;2.3;14.583;-99;0;124
10.3;5.9;13.9;3.2;73.25;-99;2.7;14.667;-99;0;125
13.1;8.2;17.6;3.7;68.58;-99;2.8;15;-99;0;126
15.3;10.8;21.2;3.9;61.96;-99;3.4;15.017;-99;0;127
18;10.8;25.5;4.4;57.13;-99;3.4;15.017;-99;0;128
18.9;12.7;27;4.5;59.42;-99;3.6;14.733;-99;0;129
17.7;11.4;27.1;4.1;72.13;-99;4.6;7.35;-99;4.72;130
12.1;10;14.5;2.1;86.38;-99;4.5;9.733;-99;0;131
13.8;9.8;17.7;2.5;80.21;-99;2.9;12.717;-99;0;132
17.4;10.3;25.7;4.4;67.83;-99;2.9;11.367;-99;0;133
16.3;10.2;25.9;4.2;70.13;-99;3;15.017;-99;0;134
12.7;10.3;16.2;3.3;84;-99;2.8;7.883;-99;0;135
13.9;10.8;17;3.2;80.17;-99;2.5;8.733;-99;0;136
12.8;11.2;15.4;3.3;85.04;-99;6.7;5.65;-99;0;137
13.3;11.4;15.3;1.7;87.04;-99;4.2;3.833;-99;0;138
15.5;11.1;21.2;4;60.5;-99;3.1;12.467;-99;0;139
15.1;9.5;21.3;4.5;50.21;-99;3.3;15.65;-99;0;140
16;9.4;22.8;4.6;63.63;-99;3.1;14.117;-99;0;141
15.2;11.3;19.6;4.2;74.38;-99;3.7;13.817;-99;0;142
14.8;10.4;19.9;4.8;72.79;-99;3.2;15.7;-99;0;143
17.9;12;23.4;5.2;57.17;-99;3.5;15.7;-99;0;144
14.8;10.3;22.1;4.6;73.38;-99;4.6;15.333;-99;0;145
12.8;9.7;16.4;3.6;90.13;-99;3.3;13.517;-99;0;146
14.3;11.1;19.1;2.6;89.88;-99;3.9;8.533;-99;0;147
19.2;12.5;30.5;4.8;73.04;-99;3.6;9.95;-99;0.23;148
23.7;17.5;30.6;6.4;53.42;-99;3.8;15.567;-99;0;149
21.1;13.5;29.6;5.4;62.46;-99;2.6;15.467;-99;0;150
19.3;13.7;26.8;4.6;69.13;-99;3;13.933;-99;0;151
16.8;14.6;19.9;4.1;79.13;-99;3.1;14.583;-99;0;152
15.8;12.4;18.2;3.5;86.5;-99;2.6;15.45;-99;0;153
16.5;14.6;19.1;2.4;91.38;-99;4.1;0.883;-99;0;154
16.6;14.8;20.7;2.6;87.46;-99;5.2;5.65;-99;0;155
16.9;14.2;20.8;3.7;79.5;-99;5.4;11.967;-99;0;156
18.2;12.3;24;5.5;50.54;-99;4.7;16.483;-99;0;157
20.6;13.5;27.4;6;42.54;-99;4.3;16.15;-99;0;158
22.4;16.9;30.2;5.9;46.42;-99;3.1;14.15;-99;0;159
18.2;15.4;21.2;5.2;77.75;-99;2.9;13.6;-99;0;160
18.7;16.5;22.6;3.6;85.38;-99;2.9;7.883;-99;4.81;161
17;15;19.1;4.2;73.33;-99;8.6;8.783;-99;0;162
15.5;14.2;17.2;2.4;74.29;-99;8.2;0.05;-99;0;163
15.3;12.7;18;2.8;73.67;-99;7.8;6.883;-99;0.03;164
17.4;13;22.2;4.1;60.79;-99;3.8;4.983;-99;0;165
17.1;14.7;19.3;4.29;70.33;-99;3.6;14.05;-99;0;166
20.1;14;26;4.3;62.75;-99;3.3;6.617;-99;0;167
18.2;15.8;22;4.1;75.75;-99;4.1;4.617;-99;1.59;168
18;14.7;22.3;3.6;71.67;-99;3.5;3.15;-99;0.33;169
18;15.5;21.3;3.8;76.29;-99;6.5;8.267;-99;0.13;170
20.3;12;26.6;4.9;65.04;-99;4.6;12.9;-99;0;171
14.2;9.5;18.1;2.5;82.5;-99;8.5;0.683;-99;9.91;172
14.3;10.2;17.8;4.2;71.96;-99;11;8.533;-99;0.34;173
14.9;13.1;17.5;3.4;72.17;-99;12.4;5.483;-99;0;174
15;13.1;16.9;2.4;80.83;-99;7.5;4.667;-99;0;175
15.9;13.9;18.3;2.4;84.38;-99;5.5;0.917;-99;0.03;176
16.4;14.8;18.3;3.5;88.58;-99;4.4;6.15;-99;0.03;177
18.4;14.7;22.2;4.5;74.25;-99;3.6;14.583;-99;0;178
18.7;15.4;21.9;5.3;78.96;-99;3.7;15.7;-99;0;179
19.1;14.7;22.6;4.4;73.42;-99;4.3;15.183;-99;0;180
17.8;14.8;20.7;4.5;59.54;-99;3.2;11.867;-99;0;181
17.7;14.1;21.1;4.7;52.33;-99;3.2;14.867;-99;0;182
18.1;11.5;21.9;5.2;64.5;-99;5.1;14.217;-99;0;183
19.5;16.2;22.1;5.5;70.04;-99;3.8;16.45;-99;0.03;184
18.4;15.5;20.1;4.6;76.17;-99;3.9;16.167;-99;0;185
18;15.3;19.7;3.2;78.21;-99;6.7;0.05;-99;0;186
18.1;15.9;20.8;4.9;70.75;-99;10.8;11.283;-99;0;187
17.8;15.2;20.6;4.8;71.46;-99;11.4;10.683;-99;0;188
18.6;16.9;21.4;3.7;80.96;-99;7.1;5.2;-99;0.03;189
16.7;13.8;18.4;3.1;72.25;-99;9.6;4.233;-99;0;190
16.1;12.1;21.4;2.9;74.08;-99;3.8;7;-99;0.58;191
17.9;17.1;18.7;2;95.75;-99;3.9;0;-99;8.93;192
19.2;17.5;21.6;3.59;80.83;-99;3.4;11.7;-99;0;193
19.1;16.8;22.5;4.6;83.08;-99;7.3;8.783;-99;0.03;194
17.3;15.6;19.1;2.6;74.67;-99;7;4.283;-99;0;195
18.4;16.5;21.1;3.6;76.54;-99;3.8;13.267;-99;0;196
19.7;15.9;22.5;4.5;83.67;-99;2.5;14.783;-99;0;197
21.3;16.4;24.8;3.9;81.04;-99;2.2;13.083;-99;0;198
20.7;19;22.7;4;79.83;-99;8.2;7.917;-99;0;199
20.3;18.1;22.4;4.7;67.5;-99;6.8;14.967;-99;0;200
19.7;17.5;22.7;4.6;64.33;-99;4.9;12.483;-99;0;201
20.6;14.4;24.4;4.7;64.96;-99;2;14.083;-99;0;202
22.8;18.7;28.5;4.1;63.5;-99;3.1;7.683;-99;1.97;203
21.3;19.4;23.6;4.2;75.54;-99;5;14.883;-99;0;204
23.1;18.7;27.7;4.5;70;-99;2.3;15.383;-99;0;205
24.1;18.9;28;5.1;74.04;-99;1.6;14.467;-99;0;206
24.2;19.6;27.1;5.1;76.08;-99;3.4;15.017;-99;0;207
24.5;19.8;29.8;4.9;72.63;-99;3.5;14.133;-99;0;208
25;20;32.8;5.1;68.13;-99;4.2;11.1;-99;0.59;209
21.8;19.7;24.6;4.7;62.92;-99;4.5;12.567;-99;0;210
26.2;21.3;31.8;4.9;53.25;-99;4.2;6.583;-99;0.1;211
27.6;21.9;35.5;6;50.71;-99;4.3;12.183;-99;0;212
22.6;20.7;24.9;4;81.88;-99;4.4;8.85;-99;0;213
23.1;20.4;26.2;4.2;69.17;-99;2.6;11.417;-99;0;214
23.6;18.8;27.5;4.7;65.96;-99;2.4;14.35;-99;0;215
23.4;21.3;25.4;4.5;73.21;-99;5.2;9.483;-99;0;216
20.5;18.6;22.8;3.7;68.42;-99;9.7;5.55;-99;0;217
21.3;18.8;24.7;4.4;65.96;-99;4.8;10.8;-99;0.1;218
27.3;19.8;34.5;6.2;38.5;-99;3.3;14.233;-99;0;219
25.8;21.3;34;6;55.25;-99;4.6;11.333;-99;0;220
23.2;20.4;29.6;4.2;72.17;-99;4.6;11.067;-99;4.16;221
19.3;16.4;21.8;3.3;68.04;-99;5.6;6.4;-99;0.06;222
17;13.5;20.1;3.2;66.79;-99;6.2;4;-99;7.16;223
17.9;13.4;21.5;3.2;65.42;-99;4;6.633;-99;0.19;224
21.6;17.4;29.8;3.5;59.58;-99;3.4;3.517;-99;0.22;225
19.4;17.1;22.9;2.4;79.71;-99;4.9;2.533;-99;1.23;226
20.4;18.4;23.1;2.8;73.46;-99;5.9;3.95;-99;0.2;227
23.2;18.6;28.7;4.3;56.67;-99;2.9;12.3;-99;0;228
20.4;19;22.2;3;74.29;-99;4.7;7;-99;0.38;229
19.5;14.4;22.9;3.8;66.54;-99;4;13.333;-99;0;230
20.2;16.2;24.3;3.3;69;-99;3.9;7.783;-99;0;231
19.5;17.5;21.2;2.5;74.29;-99;7.2;4.25;-99;0.15;232
17.8;15.1;20;3.2;59.79;-99;4.8;13.383;-99;0;233
21.3;14.1;28;3.8;50.75;-99;2.7;13.5;-99;0;234
20.9;17.9;27.8;3.7;66.71;-99;2.9;12.283;-99;0;235
18.1;12.7;21.4;2.7;69.13;-99;5;4.367;-99;0.1;236
14;11.4;18.6;2.3;70.46;-99;3.9;5.133;-99;1.26;237
15;10.7;19.5;2.5;68.83;-99;4.5;10.65;-99;0;238
16.1;14;18.2;2;66.33;-99;4.7;0.533;-99;0.2;239
17.2;13.5;20.9;2.1;72.92;-99;3.9;5.75;-99;0.07;240
19.7;15;25.4;3.2;62.96;-99;3.4;8.983;-99;0;241
17.2;15.3;18.7;1.4;82.54;-99;4.8;0.417;-99;10.43;242
17.2;15.9;19;2.2;80.79;-99;7.4;8.483;-99;2.99;243
17.6;14;19.4;2.3;73.25;-99;4.4;11.317;-99;0;244
17.6;12.8;21.6;2.1;83;-99;3.5;8.4;-99;0;245
20.4;17.1;26;2.8;75.5;-99;3.3;11.7;-99;0;246
18;16;20.4;2.3;83.17;-99;4.6;11.95;-99;0;247
18.1;15.5;21;2.1;84.67;-99;3.4;10.65;-99;0;248
18.7;14;24.1;2.2;76.83;-99;3.2;8.617;-99;0;249
16.8;11.6;22;1.7;84.17;-99;3.4;1.9;-99;0.32;250
15.7;10.8;21;2.3;63.29;-99;3.7;8.933;-99;0;251
17.2;13.4;20.6;2.5;64.71;-99;2.5;5.25;-99;0;252
17.7;15.1;21.3;2.1;69.58;-99;3.1;1.967;-99;0;253
17.4;13.8;20.8;1.9;80.04;-99;4.1;0;-99;2.11;254
15.5;13.8;17;1.1;81.5;-99;5.9;0.067;-99;0.06;255
14.6;11.4;17.4;1.8;72.71;-99;3.1;10.067;-99;0;256
15.4;10.4;20.6;2.2;64.63;-99;3;10.017;-99;0;257
15;12.2;18.3;1.6;72.54;-99;4.6;2.3;-99;0.12;258
15.7;10;21;2.1;66.92;-99;3.4;8.1;-99;0;259
17.8;13.9;24.2;2.7;63.13;-99;3.1;9.317;-99;0;260
21.6;14.7;29.8;3.5;52.29;-99;3.5;11.55;-99;0;261
20.4;14.9;26.3;2.5;66.04;-99;3.3;11.1;-99;0;262
21.2;17.3;25.5;2.6;56.75;-99;3.8;7.683;-99;0;263
17.6;11.2;26.8;2.8;64.63;-99;5.5;4;-99;5.43;264
12.1;10;16.3;1.7;74.5;-99;5.3;6.833;-99;2.43;265
11.6;8.9;13.5;1;77.46;-99;5.6;2.183;-99;1.51;266
11.8;8.7;13.7;1.9;64.92;-99;13.4;5.717;-99;0.57;267
11.3;8.9;13.6;1.6;65.04;-99;7;10.217;-99;0;268
13.5;9;16.7;1.7;65;-99;6.3;0.483;-99;0;269
17.5;14.9;21.5;1.6;79.71;-99;5.7;3.7;-99;0.39;270
13;11.3;15.1;1.7;65.42;-99;10.9;9.95;-99;0;271
12.1;9.1;15.1;1.2;65.38;-99;5.7;8.317;-99;0;272
11.6;8.2;16.9;1.4;60.83;-99;3.4;3.05;-99;0;273
11.5;9.4;13.5;1;75;-99;6.6;2.617;-99;5.33;274
9.6;6.8;12.9;1.1;80.63;-99;8.7;0.317;-99;3.76;275
11.9;9.1;13.4;1.8;68.79;-99;14.1;6.433;-99;0.61;276
12.5;9.9;15;0.7;85.54;-99;4.5;0.25;-99;0.32;277
15.8;12.4;21.2;1.5;69.29;-99;3.8;8.867;-99;0;278
13.1;9.9;18.7;1.3;78.42;-99;2.7;9.75;-99;0;279
10.8;7;13.4;1.1;78.79;-99;6;5.333;-99;0.62;280
10.3;6.2;15.1;1.1;71.29;-99;3.1;5.867;-99;0;281
12.7;8.3;18.3;1.1;67.92;-99;3.2;3.6;-99;0;282
15.3;9.8;21.6;1.2;73.79;-99;3.3;8.617;-99;0;283
17.2;12.3;22.3;1.4;64.17;-99;5.3;9.517;-99;0;284
17.9;13.4;24.2;1.4;63.63;-99;3.1;9.367;-99;0;285
19.5;14.6;26.1;1.7;59.5;-99;3.6;9.433;-99;0;286
17.2;13;21.7;1.5;59.5;-99;4.6;9.167;-99;0;287
17.2;13;23.2;1.5;54.67;-99;3.3;9.033;-99;0;288
15.5;11.6;21;1;69.25;-99;2.3;8.2;-99;0;289
14.3;10.5;20.2;0.9;86.46;-99;1.9;8.183;-99;0;290
12.7;11;14.2;0.4;87.13;-99;5.2;2.15;-99;0;291
10.8;7.9;12.6;0.7;72.38;-99;3.7;7.233;-99;0;292
11.3;8.6;13.4;0.7;75.29;-99;4.5;1.283;-99;0;293
12.2;8.1;15.8;0.7;78.67;-99;3.4;2.65;-99;0;294
11.4;7.9;13.3;1.2;73.29;-99;8.5;6.3;-99;0.64;295
11.3;8.6;13;1.7;81.33;-99;12.9;0;-99;3.4;296
10.4;9.2;11.6;1.2;68.71;-99;11.8;7.283;-99;0.87;297
11.6;10.2;12.4;1.3;78.67;-99;14.2;1.283;-99;0.18;298
9.8;7.6;12.2;0.7;83.88;-99;5.4;0;-99;1.05;299
7.2;4.3;8.8;0.8;75.83;-99;9;0.933;-99;1.69;300
6;4.2;7.3;0.8;76.58;-99;5.4;1.033;-99;7.22;301
6.4;5.5;7.8;0.7;81.04;-99;4.4;0;-99;0.25;302
11.3;5.8;19;1.1;77.17;-99;5;5;-99;1.43;303
9.5;7.2;11.9;1;71.63;-99;5.5;4.833;-99;0.03;304
8.5;5.9;11.3;0.4;80.63;-99;3.4;3.783;-99;0;305
9.1;6;13;0.5;79.79;-99;3.8;5.567;-99;0;306
6.6;3.4;11;0.4;80.25;-99;2.8;8.383;-99;0;307
7.3;3.4;9.6;0.3;87.92;-99;3.5;0;-99;0;308
10.1;9.1;11;0.2;93.79;-99;3;0;-99;0;309
10.8;8.5;15.4;0.4;83.42;-99;2.9;7.767;-99;0;310
9.8;8;12.8;0.2;89.5;-99;3.1;7.85;-99;0;311
9.7;7.4;12.9;0.3;88.46;-99;2.8;0.967;-99;0;312
8.6;6.5;10.3;0.2;93.29;-99;3;0.333;-99;0;313
10.3;8.5;11.9;0.3;84.5;-99;4.4;0.033;-99;0;314
11.7;10.6;14.3;0.5;80.54;-99;3.7;2.633;-99;0.38;315
11.6;10.7;13.5;0.5;88.92;-99;3;0.017;-99;2.54;316
10.4;9.4;12.2;0.5;86.29;-99;3.6;0.167;-99;1.25;317
9.4;8.8;10.3;0.3;86.92;-99;3.5;1.567;-99;0;318
9.2;6.5;12.2;0.4;82.75;-99;3.7;6.25;-99;0;319
6.5;3.5;10.1;0.4;76.08;-99;5.3;7.883;-99;0;320
3.3;1;6;0.3;81.63;-99;2.9;7.7;-99;0;321
5.2;0;8.1;0.4;85.38;-99;4.7;0.033;-99;0.14;322
6.1;4.4;7.8;1;77.08;-99;4.4;3.35;-99;1.5;323
4.1;2.4;4.9;0.5;71.79;-99;5;0;-99;0;324
1.9;0.6;2.9;0.4;76.33;-99;4.5;3.233;-99;0;325
0;-1;0.8;0.2;85.38;-99;3.8;0;-99;0;326
0.9;-0.8;2.7;0.1;91;-99;2.8;0;-99;0;327
3.4;2.6;4.3;0.1;85.04;-99;2.1;0;-99;0;328
4.7;3.2;6;0.2;84.13;-99;2.4;0.217;-99;0;329
4.7;3.6;6.4;0.4;77.42;-99;2.4;1.983;-99;0.04;330
2.7;1;4.4;0.3;70.75;-99;2.2;0;-99;0;331
0.7;-1.8;2.7;0.4;72.13;-99;4.6;6.383;-99;0;332
2.3;1;3.8;0.8;63.04;-99;6.4;0;-99;0.8;333
2.9;2.5;3.6;0.6;69.38;-99;4.3;0;-99;0.8;334
5.5;2.7;8;0.1;87.63;-99;3.5;0.217;-99;0;335
7.3;6;10.1;0.2;89.04;-99;3.6;0;-99;1.4;336
10.9;7.3;12.7;0.6;88.38;-99;3.9;1.117;-99;2.93;337
6.6;4.7;7.7;0.8;80.29;-99;11.2;5.25;-99;0.56;338
3.7;2.4;5.8;0.2;81.92;-99;3.8;6.117;-99;0;339
5.2;3;10.4;0.3;85.71;-99;4;0;-99;0.76;340
10.8;7.5;11.6;0.4;93.54;-99;4.8;0;-99;4.42;341
7.4;6;8.5;1;80.63;-99;7.3;0;-99;3.45;342
7;5.9;8.2;0.9;85.54;-99;7.7;1.367;-99;5.54;343
6.2;5.2;6.8;0.6;76.75;-99;14;1.75;-99;0.03;344
5.5;4.6;6.5;0.6;79.08;-99;10.7;0;-99;1.01;345
4.8;3.1;5.6;0.4;83.25;-99;6.5;0.767;-99;0.41;346
2.9;1.7;3.7;0.3;87.13;-99;2.9;0;-99;0.06;347
1.3;0.4;2;0.2;82;-99;2.3;0;-99;0;348
0.4;-0.6;1.1;0.2;78.17;-99;2.4;0.667;-99;0;349
-0.1;-1.2;0.8;0.1;78.38;-99;4.5;0;-99;0;350
0.2;-0.7;1.8;0;84.92;-99;3;0;-99;0;351
3.7;1.7;5.7;0.1;95.04;-99;3;0;-99;2.4;352
2.8;1.9;3.8;0.1;88.08;-99;4.7;0;-99;0;353
3.8;2.4;4.8;0.1;92.67;-99;2.8;0;-99;0.35;354
6;4.6;8.8;0.2;94.08;-99;3.9;0;-99;6.23;355
4.5;3.9;7.4;0.2;90.13;-99;5.2;0;-99;0.61;356
5.4;2.6;7.4;0.4;91.58;-99;4.3;0;-99;4.1;357
3;0.8;5.5;0.3;79.88;-99;8.5;0.283;-99;0;358
5.9;5.2;6.3;0.4;84.96;-99;10.2;1.4;-99;0;359
6.7;5.9;8.5;0.3;93.83;-99;8.3;0;-99;0;360
6.9;6.3;7.8;0.1;95.88;-99;6.9;0;-99;0;361
6.4;5.7;7.6;0.3;92.63;-99;7.4;0.5;-99;0;362
7.7;6.9;8.4;0.4;90.67;-99;5.4;0.233;-99;2.37;363
6;4.9;7.4;0.6;89.67;-99;10;1.617;-99;0;364
6.6;5.1;8.4;0.2;93.13;-99;4.1;0;-99;0;365
