tavg;tmin;tmax;ET0;relhumid;vapp14;wind;sundu;globrad;precip;jday
C_deg;C_deg;C_deg;mm;%;mm_Hg;m/s;hours;J cm-2 d-1;mm;
55;2;-----;-----;-----;-----;-----;-----;------;-- -;-
1.7;0.5;4.2;0.1;85.92;-99;3.9;0.733;-99;0;1
4.5;1;7.7;0.3;84.79;-99;4.7;0;-99;1.05;2
6.4;3.8;8.4;0.3;85.71;-99;4;2.583;-99;0.77;3
6.3;4.6;8.2;0.5;76.54;-99;5.2;3.267;-99;0;4
4.5;2.8;6.9;0.2;88.25;-99;4;0.117;-99;0.51;5
4.7;1.5;8.8;0.2;87.83;-99;4.9;0.117;-99;12.14;6
9.5;8.1;10.7;0.8;82.29;-99;5.4;1.717;-99;2.69;7
8.5;7.5;10;0.6;83.13;-99;4.8;0.133;-99;8.12;8
8.3;6.1;11.6;0.9;82.92;-99;5.7;0;-99;4.9;9
6.5;5.4;7.1;0.7;81.96;-99;8.4;0.55;-99;0.46;10
5.5;4.3;6.2;0.5;86.21;-99;7;0;-99;9.29;11
5;3.5;5.9;0.5;82.08;-99;10.7;4.25;-99;0.39;12
2.4;0.9;4.5;0.2;85.92;-99;4.5;0;-99;0.67;13
4;3.2;5;0.1;94.83;-99;2;0;-99;9.77;14
3.2;2;4.7;0.2;85.38;-99;3.4;0.633;-99;0.01;15
1.6;0.7;2.6;0.2;91.83;-99;7.2;0;-99;2.19;16
3.9;0.8;6.8;0.1;95.46;-99;4.1;0.2;-99;2.28;17
4.2;2.8;5.5;0.2;93.96;-99;5.1;0;-99;0.08;18
1.5;-1.4;3.5;0.2;87.58;-99;5.5;0;-99;0;19
-1.4;-2.3;-0.9;0;86.21;-99;4.3;0;-99;0.63;20
-2.2;-3.1;-1.3;0;88.38;-99;2.6;0;-99;5.63;21
-3.4;-4.7;-2;0;82.5;-99;4.3;0;-99;0;22
-4.8;-8.9;-2.4;0;71.79;-99;5.9;3.733;-99;0;23
-7.9;-10.3;-4.6;0;77.63;-99;4.7;5.267;-99;0;24
-10.3;-12.3;-7.9;0;72.46;-99;6.8;6.017;-99;0;25
-11.8;-14.3;-9;0;79.67;-99;6.6;7.2;-99;0;26
-5.1;-9.7;-2.7;0;88.75;-99;7;0;-99;2.94;27
-2.4;-5.1;-0.4;0;92.83;-99;5.7;0;-99;0;28
-6.3;-7.3;-5.1;0;78.71;-99;5.2;0;-99;0.14;29
-5.8;-7.1;-4.5;0;81.38;-99;5.9;0;-99;0.2;30
-4.4;-6.3;-1.9;0;85.42;-99;3.9;0;-99;0.57;31
1.2;-3.6;4.5;0.3;85.42;-99;4.3;0.1;-99;0.59;32
3.6;1.7;5.7;0.3;85.92;-99;2.8;0.433;-99;0;33
0.6;-1.5;2.5;0.1;94.33;-99;3.5;0;-99;0;34
1.6;-0.6;3.6;0.4;83.25;-99;2.8;4.883;-99;0;35
1.5;-0.5;3.6;0.4;83.33;-99;4;6.767;-99;0;36
5.2;2;8.5;0.5;77.42;-99;4.1;1.583;-99;0;37
6.7;4;11.2;0.9;76.21;-99;5.6;1.15;-99;8.45;38
5.8;3.8;8.1;0.8;78.88;-99;4.6;3.1;-99;1.78;39
6.2;4.3;8.5;1.1;73.21;-99;5.2;4.95;-99;1.14;40
4.8;2.2;8.4;0.8;68.92;-99;3.6;7.35;-99;0;41
3.4;0.7;5.5;0.5;84.5;-99;3.9;0.1;-99;0.94;42
4.9;3.5;7.6;0.7;73.42;-99;4.3;5.517;-99;0.73;43
5.4;1.3;9;1;75.08;-99;4.3;3.05;-99;11.06;44
4;1.5;6.4;0.7;84.5;-99;4;4.717;-99;13.23;45
8.7;5;12.9;1.3;64.88;-99;6;0.8;-99;0.3;46
6.7;3.8;8.9;1.1;72.04;-99;6.3;2.1;-99;0.58;47
4.4;1.9;7.6;0.7;78.63;-99;4;8.533;-99;0;48
5;0.6;9.1;0.6;83.75;-99;3.2;2.867;-99;0;49
5.4;3.2;6.9;0.3;90;-99;3.3;0;-99;5.28;50
7.6;5.9;10.9;0.9;79;-99;3.8;3.183;-99;0.39;51
7.1;4;9.8;0.7;84.25;-99;3.9;0.467;-99;1.94;52
5.6;2.2;9.3;0.9;78.5;-99;4.9;6.15;-99;0;53
6.2;3.3;10.2;1.1;74.92;-99;4.3;8.067;-99;0;54
6.8;2.4;11.8;1.3;63.29;-99;4;8.583;-99;0;55
7.4;2.4;12.8;1.1;67.63;-99;4.5;8.75;-99;0;56
7.4;5.1;12.1;0.9;74.33;-99;2.2;5.85;-99;0.64;57
6.9;3.7;10;0.5;86.17;-99;2.4;1.533;-99;0;58
6.3;4.3;9.6;0.6;85.08;-99;2.3;1.667;-99;6.56;59
3.7;-0.2;6.7;0.6;93.54;-99;2.4;4.117;-99;0;60
5.4;2.6;9.6;0.5;79.75;-99;3.4;2.567;-99;0;61
5.2;2.6;8.7;0.9;78.21;-99;5.2;8.35;-99;0;62
5.6;2.3;9.1;0.6;83.04;-99;3.5;4.5;-99;0.09;63
4.3;2.8;5.6;0.2;94.75;-99;2.5;0;-99;0;64
5.4;2.6;10.3;0.7;83.88;-99;2.1;5.65;-99;0;65
7;2.9;11.9;1.3;75.63;-99;4.1;6.817;-99;0.12;66
5.8;3.8;8.9;1.3;74.13;-99;3.7;10.017;-99;0;67
10.9;4.8;18.2;2.1;58.21;-99;3.9;10.067;-99;0;68
9.9;4.6;16.1;1.9;60.88;-99;3.1;10.617;-99;0;69
4.5;1.7;6.7;1.3;89.67;-99;3.7;10.817;-99;0;70
4.4;0.2;8.3;1.3;75.88;-99;1.6;11.2;-99;0;71
7.1;2.7;11.1;1.7;66.71;-99;3;10.85;-99;0;72
6.7;3.8;11;1.2;85.71;-99;5.9;6.4;-99;0.56;73
6.4;5.6;7.4;2.3;83;-99;13;6.883;-99;5.19;74
7.1;5.9;8;1.2;92.92;-99;12.4;0;-99;1.05;75
8.4;7.6;9.6;1.1;85.83;-99;9.7;1.317;-99;0;76
8.9;6.8;10.6;1;78.17;-99;5.5;0.817;-99;0.63;77
8.1;5.6;10.2;1;86.33;-99;6.9;0.267;-99;1.22;78
13;8;18.6;2.9;58.5;-99;5.8;9.65;-99;0.15;79
9.2;3.5;15.3;1.2;76.58;-99;4.7;0.567;-99;5.08;80
6.9;2.5;11.5;1;79.71;-99;3.4;2.1;-99;1.81;81
6.5;2.9;10.2;1.5;78.29;-99;3.4;8.5;-99;0.44;82
5.6;4;6.9;1;91.38;-99;3.1;7.067;-99;0;83
5.2;3.9;7.4;1.2;87.33;-99;6.1;4.483;-99;4.85;84
5.5;2.9;10.3;1.4;80.17;-99;4.7;6.517;-99;3.62;85
3.9;2;6.9;0.8;87.5;-99;3.7;5.667;-99;0;86
5.7;4.2;8.7;0.5;91.71;-99;3.5;1.717;-99;0;87
6.5;3.7;11.2;1;92.25;-99;2.2;5.983;-99;0;88
7.8;3.9;15.8;1.6;83.71;-99;2.3;10.033;-99;0;89
5.3;3.7;7.6;1.4;94.54;-99;2.6;5.533;-99;0;90
5.5;4.4;7.7;0.6;87.63;-99;3;0.583;-99;0;91
9;4.6;15.1;1.6;72.29;-99;5.5;3.2;-99;0.07;92
6.8;4.1;10.8;1.5;83;-99;4.4;10.967;-99;0;93
5.6;4.1;8.4;1.2;69.96;-99;4.4;2.117;-99;1.57;94
7.3;5.2;9.1;0.8;89.38;-99;2.7;0;-99;1.83;95
11.4;7.7;15.3;1.3;90.79;-99;3.3;1.367;-99;5.28;96
14.1;11.9;17.6;1.8;85.83;-99;3.3;3.1;-99;1.37;97
11.7;6.8;16.6;2;79.08;-99;6.2;5.167;-99;6.93;98
7.9;6.6;9.5;1.6;84.83;-99;10.6;1.067;-99;2.62;99
6.8;5.8;8.4;1;79.79;-99;4;4.117;-99;0;100
8.9;7.4;10.8;1.2;81.08;-99;3.2;4.983;-99;0;101
8.3;4.8;12.1;2;83.17;-99;3;5.833;-99;0.1;102
9.3;7.7;12.4;2.4;77.67;-99;7.1;8.6;-99;0;103
7.2;5.9;8.1;2;84.17;-99;10.1;1.9;-99;6.87;104
7.5;5.9;9.1;2.1;77.38;-99;8.4;7.2;-99;0;105
7;2.8;9.2;2.3;80.38;-99;2.5;12.5;-99;0;106
10.5;5.8;15.1;3.4;52.54;-99;5.1;10;-99;4.52;107
7.4;5.3;9;1.8;83.63;-99;5.3;4;-99;2.16;108
8.5;5.1;11.4;2.4;86.83;-99;5;12.8;-99;0;109
11.5;8.6;16.5;2.6;76.46;-99;4;12.2;-99;0;110
13.1;8.9;18.8;2.5;75.38;-99;3.2;7.1;-99;0;111
13.6;8.5;20.7;2.5;77.17;-99;3;8.2;-99;0;112
10;7.3;15.5;1.2;89.13;-99;2.9;0.833;-99;4.38;113
8.5;7;11.5;1.2;89.17;-99;3.4;2.433;-99;0;114
11.6;6.7;21.7;3.1;75.29;-99;2.8;12.95;-99;0.01;115
12.2;6.6;21.4;2.8;73.71;-99;2.6;12.767;-99;0;116
13.7;8.2;20.5;3.2;71.75;-99;3.5;13.5;-99;0;117
11.4;8.3;14.5;3.5;77.29;-99;3.3;14.233;-99;0;118
11.4;6.4;15.2;3.7;75.46;-99;1.5;13.967;-99;0;119
13.2;7.8;16.5;3.3;64;-99;2.4;11.7;-99;0;120
9.5;6.9;11.5;2.7;75.29;-99;5.6;11.867;-99;0;121
8.1;5.5;11;2.5;59.83;-99;4.8;5.233;-99;0;122
8.1;2.2;11.6;3;72.88;-99;4.3;13.483;-99;0;123
8.7;5.6;11;2;68.13;-99;8.6;8.7;-99;0;124
8.8;4.8;11;1.9;73.88;-99;3;4.483;-99;0.19;125
13.4;9;18.3;2.5;62.33;-99;4.6;3.367;-99;0;126
12;9.8;14.9;2.4;86.71;-99;4.4;5.483;-99;7.92;127
10.7;9.5;13.3;1.7;90.96;-99;3.7;0.7;-99;13.85;128
11;8.6;14.7;1.5;91.92;-99;3.1;1.233;-99;6.43;129
11.6;8.9;15.3;1.8;82.83;-99;4.2;0.267;-99;4.58;130
11.6;10;13.3;1.9;81.71;-99;4.9;1.583;-99;4.86;131
11.6;9.9;14.1;2.1;80.71;-99;5.1;3.117;-99;9.05;132
10.6;9.3;12.3;2.5;80.25;-99;8.5;5.483;-99;0.1;133
9.8;8.2;10.9;1.6;82.75;-99;8.9;0.183;-99;3.25;134
10.1;7.7;11.9;2.4;85.5;-99;4.5;10.283;-99;0;135
11.1;6.4;13.6;3.1;88.25;-99;4;14.367;-99;0.01;136
13.1;11.1;15.5;3.4;87.29;-99;3.2;15.317;-99;0;137
12.2;10.8;13;1.4;90.88;-99;4.5;0.133;-99;3.16;138
13.6;11.6;16.5;1.4;90.5;-99;2;0.95;-99;5.33;139
15.9;10.6;22.4;3.8;83.08;-99;3.1;14.867;-99;0;140
22.4;14.9;29.7;5.2;57.63;-99;3.8;13.967;-99;0;141
22.3;16.9;29.5;5.4;60.13;-99;3.7;13.083;-99;0;142
17.1;13.7;20.6;3.1;85.58;-99;4.1;7.217;-99;0.08;143
14.7;13;16.6;2.5;86.46;-99;3.4;9.067;-99;0;144
16.2;13;19;3.8;79.79;-99;2.6;13.833;-99;0;145
16.4;12.9;19.2;4.2;79.79;-99;4.6;13.3;-99;0;146
13.1;9.7;16;1.7;79.33;-99;5.4;2.1;-99;0.03;147
9.9;7;10.9;1.7;75.75;-99;5.9;0.033;-99;0;148
10.5;7;13;2.7;70.04;-99;4.7;8.45;-99;0;149
13.7;10.6;17;4.4;77.42;-99;6;13.617;-99;0;150
13.3;11.3;15.9;2.9;79.46;-99;6.9;8.867;-99;0;151
12.4;9;14.2;2.3;76.67;-99;3.8;5.517;-99;0;152
13.2;8.3;17.1;3.4;81.75;-99;2.1;15.05;-99;0;153
15.2;11.1;18;2.5;74.46;-99;3.1;6.95;-99;0;154
17.1;13.4;21.4;3.4;72.42;-99;2.7;8.517;-99;0;155
15.5;12.2;19.5;2.89;72.29;-99;3.9;8.283;-99;1.67;156
16.2;10.9;21.8;4.5;60.29;-99;3.2;14.717;-99;0;157
16.3;11.7;19.4;4.7;74.63;-99;2.6;15.083;-99;0;158
20.2;13.6;29.9;4.4;68.13;-99;3.5;9.567;-99;7.02;159
17.8;15.1;20.7;4;78.42;-99;3.4;10.367;-99;0;160
19.6;16.2;28.2;4.5;77.08;-99;2.5;10.85;-99;0.5;161
17.8;16.1;20.2;1.8;91.71;-99;3.6;0.533;-99;27.99;162
16.7;15;18.9;3.8;80.67;-99;6.8;13.417;-99;0;163
15.5;12.7;17.5;3;81.75;-99;9.1;5.883;-99;6;164
15.8;13.9;17.3;3.5;75.63;-99;5.3;10.05;-99;0;165
16.5;13.2;19.2;4.5;65;-99;3.9;16.317;-99;0;166
15.6;11.9;17.7;2.7;72.54;-99;3.4;4.067;-99;0;167
16.6;12.1;20.1;4.3;70.42;-99;3;14.967;-99;0;168
16.3;12.6;19.4;4.2;73.83;-99;5.8;10.733;-99;0;169
15.3;14;16.7;2.5;79.21;-99;11.5;0.7;-99;3.18;170
15;13.5;18;3.3;74.33;-99;11;4.433;-99;0;171
14.9;12.5;17.3;3;72.17;-99;11.7;7.283;-99;6;172
14.4;12.5;16.2;4.1;69.63;-99;11.9;12.2;-99;4.44;173
14.4;12.7;16.6;3.6;68.29;-99;10.9;7.617;-99;0;174
14.1;12.2;16;2.5;74.38;-99;4.1;6.867;-99;3.14;175
15.4;11.8;18.3;3.8;72.96;-99;4.1;12.267;-99;0;176
15.4;10.8;19.3;3.8;71.63;-99;2.7;14.117;-99;5.19;177
18.3;11.8;24.1;4.4;58.5;-99;2.5;11.817;-99;0.04;178
16.4;14.4;19.3;2.7;81.54;-99;2.8;3.367;-99;5.48;179
15.4;13.6;17.1;1.9;86.42;-99;2.8;1.85;-99;6.34;180
15.7;12.9;18.6;3.2;75.38;-99;4;9.6;-99;0;181
15.6;12.2;18.7;3.2;70.04;-99;6.3;10.967;-99;4.28;182
14.9;11.4;18.2;3.3;79.21;-99;5.9;6.55;-99;3.64;183
17.8;11.7;22.5;3.9;60.21;-99;4;6.667;-99;0;184
21.6;16;28.4;6.1;53.92;-99;3.2;14.15;-99;0;185
21.9;17.6;29;3.5;67.79;-99;3;5.2;-99;5.33;186
22.8;17.4;29;4.6;74.75;-99;3.1;13.267;-99;0;187
20;18;22;3.1;79.33;-99;5.3;7.083;-99;0.14;188
20.1;17.6;25.5;2.91;89.25;-99;4.2;1.883;-99;11.51;189
22.7;18.1;28.9;5.4;75.63;-99;4.5;13.167;-99;0;190
19.8;16.9;22.3;5.2;81.88;-99;5.6;15.85;-99;0;191
18.3;15.7;21;4.3;80.67;-99;5.6;13.467;-99;0;192
16.9;15.6;20.3;2.7;82.63;-99;5.2;6.217;-99;4.87;193
17.3;15.3;21.3;3;74.96;-99;3.6;2.817;-99;4.77;194
17.5;14.6;21.2;2.5;84.54;-99;5.2;2.117;-99;5;195
19.2;16.6;21.9;3.9;75.83;-99;3.4;8.683;-99;0;196
18.8;17.2;20.6;3.5;79.54;-99;2.5;9.2;-99;0.04;197
19;15.9;22.1;4.1;74.46;-99;2.2;12.65;-99;0;198
20.1;15.2;23.6;4.49;75.29;-99;2.6;15.033;-99;0;199
21.4;16.8;26.2;5.1;67.92;-99;3.8;15.45;-99;0;200
21.7;17;28.1;4.6;73.17;-99;3.1;13.183;-99;0;201
21.6;17.9;27;4.8;69.08;-99;4.6;14.183;-99;0;202
19.9;17.3;22.7;4.6;83.92;-99;5.5;14.95;-99;0;203
19.4;17.1;22.5;4.5;84.29;-99;5.2;15.1;-99;0;204
19.3;16.9;22;3.9;86.13;-99;4.6;9.783;-99;0;205
21.3;17.6;26;4.2;73.96;-99;4.2;6.283;-99;0;206
21.1;19;24.6;4.1;75.63;-99;2.6;8.35;-99;0.18;207
20.8;17.3;26.2;3.5;79.88;-99;2.1;6.033;-99;10.24;208
20.8;18.5;22.9;3.3;91.04;-99;2.2;11.933;-99;0;209
21.2;19.1;23.8;4;88.17;-99;3.7;9.65;-99;0;210
19.6;18.7;20.8;2.3;89.08;-99;3.9;0.133;-99;20.48;211
19.8;17.7;22.5;3.9;74;-99;4.8;13.1;-99;0;212
22.6;17.2;27.8;5;55.5;-99;2.8;13.35;-99;0;213
22.2;18.6;26.4;3.2;70.04;-99;3.8;4.3;-99;0;214
21.3;18.5;23.6;3.6;83.71;-99;3;5.733;-99;0.35;215
21;19.3;22.7;2.6;81.04;-99;5.3;4.917;-99;2.5;216
20.3;18.1;22.1;3;74.04;-99;3.4;3.45;-99;0;217
20.5;18.1;22.3;3.3;69.21;-99;4;11.667;-99;0;218
19.5;16.5;25.2;2.61;75.79;-99;2.2;3.533;-99;0;219
19.6;15.2;22.6;3.3;75.75;-99;2.9;11.35;-99;0;220
20.2;17;24.8;3.3;74.21;-99;4.7;8.183;-99;6.09;221
20.1;15.5;24.4;2.8;67.88;-99;4.6;2.4;-99;0.6;222
19.2;14.9;23.1;3.7;65.79;-99;4.7;10.083;-99;0;223
16.9;13.7;21.8;2.9;64.83;-99;4.2;8.7;-99;1.5;224
18.4;13;24.1;3.7;62.38;-99;3.3;9.683;-99;1.74;225
18.1;13.9;21.9;3.1;70.88;-99;4.2;9.65;-99;4.99;226
17.1;14.4;20.7;2.5;75.83;-99;4.3;8.65;-99;1.3;227
16.7;13.9;18.4;2.5;67.92;-99;7.6;4.733;-99;6.61;228
15.3;12.8;18.7;1.91;75.42;-99;5.3;0.5;-99;0.94;229
14.9;12.3;18.1;2.6;75.58;-99;6.1;7.767;-99;4.98;230
13.9;11.1;18.4;2.3;74.96;-99;5.1;6.817;-99;0.3;231
13.5;10.7;17.9;2.2;75.67;-99;5.2;6.383;-99;1.48;232
13.5;9.6;18;2.3;71.92;-99;4.1;7.85;-99;0;233
15;11.3;19.6;2.6;66.92;-99;4.1;4.917;-99;0.08;234
13.6;10.9;17.3;2.3;73.67;-99;4.3;6.633;-99;0.74;235
13.6;9.6;17.2;2.2;73.96;-99;5.3;8.917;-99;0;236
12.7;9.3;16.4;1.9;73.67;-99;4.5;6.55;-99;0.04;237
14.3;9;17.3;2.3;76.5;-99;4.4;12.833;-99;0;238
16.6;14.7;18.9;2.6;75.63;-99;6;12.267;-99;0;239
16;12.7;18.6;2.7;76.17;-99;3.2;12.317;-99;0;240
16.5;14.4;20.8;1.5;76.42;-99;3.3;0.667;-99;0.34;241
16.6;13.6;20.4;1.4;80.33;-99;2.9;0.583;-99;0.34;242
15.8;14.4;17.6;1.3;89.04;-99;2.1;3.3;-99;2.54;243
16.2;13.7;19.1;1.1;89;-99;2.4;0.3;-99;0.3;244
16.4;13.5;19.9;2.4;76.04;-99;3.4;10.783;-99;0;245
16.4;12.9;21.5;2.3;71.5;-99;2.7;11.433;-99;0;246
17.1;13;22.5;2.5;71.88;-99;3;12.883;-99;0;247
19.5;14.2;25.8;2.6;69.54;-99;4;10.733;-99;0;248
20.4;15.1;27.1;2.9;63.63;-99;3.7;11.967;-99;0;249
17.8;16.1;19.2;1.7;88.63;-99;2.8;4;-99;1.94;250
16.6;12.5;19.2;2;77.54;-99;5.2;9.6;-99;0;251
15.2;10.9;19.2;1.8;81.54;-99;6.8;7.483;-99;0.34;252
15.7;13.4;17.8;1.8;82.46;-99;7.2;5.35;-99;0;253
15.9;13;19.3;1.7;81.71;-99;3.5;8.833;-99;0;254
16.6;14.9;18.5;1.4;82.71;-99;6.8;8.383;-99;0;255
16.6;16;17;1;92.83;-99;7.9;0;-99;0;256
16.9;15.4;18;1.2;93.21;-99;4.1;0;-99;0;257
18.8;16.3;23.8;2.3;79.92;-99;3.1;9.85;-99;0;258
18.4;14.8;23.6;2.2;73.42;-99;3.6;11.1;-99;0;259
17.4;13.6;22.1;2;71.46;-99;3.1;11.483;-99;0;260
17.9;14;23.7;2;69.5;-99;3.8;10.95;-99;0;261
17.5;13.7;23.2;1.7;76;-99;3;11.283;-99;0;262
14.8;11.9;17.5;1.2;92.79;-99;1.6;2.467;-99;0;263
15.8;13.7;17.3;1.3;79.63;-99;7.7;3.417;-99;1.14;264
12.9;11;15.5;1.5;76.54;-99;12.1;0.683;-99;7.11;265
12.4;10.9;14.3;1.6;60.42;-99;4.3;10.45;-99;0;266
13.4;11.5;16.5;1.3;69.5;-99;4.4;1.233;-99;0;267
14;12.7;15.9;1.3;83.08;-99;8.1;1.4;-99;2.06;268
15.1;12.6;17.5;0.8;89.38;-99;5.3;0.033;-99;0.76;269
14.6;10.5;17.5;1.2;73.92;-99;5.5;9.8;-99;0.5;270
14.4;9.5;19.7;1.2;74.54;-99;3.1;4.917;-99;0;271
15;12;17.9;1.2;82.38;-99;2.1;7.25;-99;0;272
15;13.9;16.7;0.7;92.25;-99;2.8;0.133;-99;19.98;273
15.4;14;16.9;0.8;91.42;-99;2.1;3.6;-99;0;274
15.6;14;17.3;0.7;90.04;-99;2.2;4.9;-99;0;275
16.7;13.7;20.1;0.9;82.46;-99;2.5;0.25;-99;0;276
14.6;11.2;19;1.3;72.75;-99;5;10.267;-99;0;277
12.8;9.1;18;1.1;74.83;-99;4.2;8.767;-99;0;278
12.3;8.8;16.8;1.1;72.67;-99;4.4;7.167;-99;0;279
12;9.6;15.2;0.9;83.92;-99;5.1;0.083;-99;1.8;280
13.1;9.6;16.2;1.1;82.25;-99;4;3.267;-99;0;281
16.6;14.5;19.5;1.2;85.29;-99;3.9;2.067;-99;0;282
14.9;12.4;18.6;1;79.92;-99;3.7;7.067;-99;0;283
14.2;11.7;18.1;0.7;87.42;-99;2.2;5.2;-99;0;284
13.2;10.6;15.4;0.7;85.46;-99;2.8;2.9;-99;0;285
12.9;10.6;14.5;0.6;91.96;-99;3;0;-99;0;286
13.4;11.8;14.3;0.5;93.04;-99;2.2;0;-99;0;287
12.3;11.1;14.1;0.4;93.13;-99;2.9;0.067;-99;0;288
12.7;11.5;14.8;0.4;87.79;-99;1.9;0.217;-99;0.38;289
13.5;11.9;14.9;0.5;92;-99;3;0;-99;4.3;290
14.1;10.6;16;0.5;89.71;-99;3.4;0;-99;0;291
16.8;14;22.4;1.3;82;-99;5.2;5.467;-99;9.79;292
14.4;11.7;15.7;1.1;79.79;-99;6.4;4.283;-99;0.92;293
12;11.2;13.7;0.6;90.21;-99;3.5;0.017;-99;1.98;294
12.3;9.6;14.4;0.6;89.46;-99;4.3;1.267;-99;1.36;295
11.6;9.9;13;0.5;87.54;-99;2.5;0;-99;0;296
10.3;8;12.1;0.4;84.46;-99;3.9;0;-99;0;297
9.6;7.8;11.3;0.4;90.67;-99;3.8;0.117;-99;0.4;298
12.5;10.4;14.9;0.7;80.21;-99;3.9;4.583;-99;0;299
13;10.7;15.9;0.8;75.63;-99;3.8;7.3;-99;0;300
9.7;6.5;12.2;0.5;83.46;-99;3.3;8.583;-99;0;301
7.1;4.7;11.1;0.2;92.33;-99;3.3;0;-99;1.02;302
8.9;5.5;11.4;0.4;82.25;-99;2.2;6.317;-99;0;303
10.9;8.1;13;0.2;91.83;-99;2.8;0;-99;0.04;304
13.5;9.9;18.3;0.5;87.42;-99;3;5.017;-99;0;305
13.5;10.8;16.3;0.4;85.79;-99;3;3.95;-99;0;306
14;12.5;16.3;0.8;78.83;-99;4.4;3.75;-99;0.14;307
12.4;10.9;13.9;0.7;78.63;-99;3.2;0.233;-99;0;308
11.6;10.7;12.7;0.3;90.13;-99;3.1;0.133;-99;0.04;309
9.4;6.9;10.8;0.3;84.88;-99;3.6;0.317;-99;0;310
7.1;5.2;9.8;0.3;86.46;-99;3.1;7.3;-99;0;311
8.5;6.3;11.4;0.3;83.17;-99;3.4;3.783;-99;0;312
8;5.6;11.3;0.3;85.63;-99;4.5;4.017;-99;0;313
8.7;7;9.3;0.2;88.33;-99;3.1;0;-99;0;314
6.5;4.1;9.1;0.1;97.67;-99;3.3;0.083;-99;0;315
10.1;8.7;11.4;0.1;95.75;-99;3;0;-99;0;316
10.2;9.6;10.7;0.2;92.54;-99;1.8;0;-99;0;317
9.6;8.1;11.1;0.2;93.79;-99;4;0;-99;0;318
9.2;8.5;9.7;0.3;85.54;-99;5.2;0;-99;0;319
7.7;6.8;9.6;0.29;88.54;-99;4.7;0;-99;0.88;320
8.1;7.3;8.9;0.2;91.58;-99;3.5;0;-99;0;321
7.4;6.7;8.3;0.2;89.75;-99;3.2;0;-99;0;322
6.8;6.5;7.2;0.3;82.79;-99;2.4;0;-99;0.04;323
7.5;6.4;8.4;0.2;86.96;-99;2.8;0.267;-99;2.38;324
7.5;6;8.4;0.1;86.25;-99;3.5;0;-99;0.04;325
4.6;1.4;6;0.3;86.83;-99;4.1;0;-99;0.56;326
6.3;4.9;7.6;0.5;82.83;-99;5.7;0.533;-99;0.04;327
8.1;6.7;9.7;0.5;85.08;-99;5.5;3.1;-99;6.56;328
6.6;2.7;9;0.1;94.04;-99;4.8;6.083;-99;0;329
4.2;2.2;6.5;0.1;89.75;-99;3.6;0.717;-99;0;330
2.7;1.2;4.7;0.2;85.17;-99;5.2;4.483;-99;0;331
0.8;-1.3;2;0.3;78.5;-99;5.2;0.3;-99;0;332
-0.9;-2.7;0.5;0.2;76.67;-99;5.7;4.25;-99;0;333
-2.1;-2.8;-0.9;0;76.25;-99;5.8;0;-99;0;334
-3.6;-5.1;-2.4;0;79.33;-99;5.7;0.633;-99;0;335
-3.2;-3.9;-2.1;0;77.21;-99;3.6;1.317;-99;0;336
-2.2;-3.9;0;0;83.42;-99;1.9;0;-99;0;337
1.9;-0.7;3.9;0.2;83.29;-99;3.7;0;-99;0;338
1.9;1.4;2.5;0.1;91.38;-99;3.5;0;-99;0.8;339
3.8;1.3;6.4;0.1;92.29;-99;3.7;0.15;-99;0.18;340
2.6;-1.2;5.2;0.2;92.08;-99;5.1;1.217;-99;3.42;341
4;2.8;5.7;0.4;86.08;-99;4.1;1.583;-99;0.9;342
3.4;2.1;4;0.2;85.42;-99;3.9;0;-99;0.04;343
3.4;1.7;5.6;0.4;83.79;-99;6.4;0;-99;4.24;344
4;3;5.3;0.3;83.04;-99;6.3;0.133;-99;0.38;345
5.7;2.8;9.1;0.9;85.17;-99;6.5;0;-99;4.96;346
4.2;1.5;5.3;0.2;82.17;-99;5.2;0.067;-99;0;347
1.7;0.3;3.1;0;89.71;-99;4.2;0.017;-99;0;348
3.2;0.7;5.4;0.3;85;-99;5.2;0;-99;0.38;349
4.9;2.9;5.9;0.29;86.17;-99;4.9;0.217;-99;0.34;350
3.1;1.7;4.1;0.1;88.04;-99;4.1;0;-99;0.04;351
9.3;4.1;11.8;0.3;91.33;-99;5.2;0;-99;1.82;352
8.8;4.5;11.8;0.8;86.88;-99;6.7;0.067;-99;11.34;353
5.2;3.3;6.8;1.3;82.08;-99;10;0.217;-99;7.78;354
6.2;5;7.6;0.4;85.29;-99;7.8;0.217;-99;1.46;355
9.5;7.6;10.6;0.7;93.67;-99;8.5;0;-99;23.56;356
9.2;6.8;10.5;0.5;94.79;-99;7;0;-99;21.92;357
8.1;5.2;10.1;0.9;86.17;-99;7.4;2.017;-99;4.06;358
4.1;2;5.7;0.6;87.5;-99;8;0;-99;9.1;359
0;-1.4;2.1;0.1;70;-99;3.9;5.583;-99;0;360
-2.5;-4.5;-1;0;85.71;-99;3;5.75;-99;0;361
0.1;-2.9;2;0.2;78.58;-99;4.5;5.45;-99;5.24;362
-0.9;-2.1;0.7;0.1;78.25;-99;3.3;6.317;-99;0.6;363
2.2;-1;4.8;0.1;91.33;-99;4.8;0;-99;0.04;364
5.4;3.6;6.9;0.1;94.67;-99;6.7;0.117;-99;1.48;365
