tavg;tmin;tmax;ET0;relhumid;vapp14;wind;sundu;globrad;precip;jday
C_deg;C_deg;C_deg;mm;%;mm_Hg;m/s;hours;J cm-2 d-1;mm;
55;2;-----;-----;-----;-----;-----;-----;------;-- -;-
6.6;4.7;8.4;1.3;77.75;-99;13.9;3.15;-99;0.71;1
4.1;2.7;6;1.3;62;-99;14.7;6.033;-99;0;2
3.8;3.3;4.2;0.5;76.71;-99;8.5;2.55;-99;0;3
4.8;3;6.4;0.3;92.13;-99;9.5;0.083;-99;0;4
5.2;3.6;6.3;0.3;94.67;-99;6;2.467;-99;0;5
2.7;-0.4;4.1;0.2;92.29;-99;2;1.517;-99;0.5;6
5.5;3.5;7.5;0.3;94.75;-99;4.9;0;-99;0.84;7
5.3;3.2;7.5;0.9;86.71;-99;11;0;-99;10.86;8
2.6;1.8;3.6;0.8;83.21;-99;13.5;0;-99;1.24;9
1.5;0.3;2.9;0.3;80.96;-99;4.7;0.05;-99;0.03;10
4.3;0.7;6;0.4;92.88;-99;7.6;0;-99;0;11
5.5;4.1;6.8;0.5;89.29;-99;7.6;0.15;-99;1.69;12
6.2;5;8.1;1;89.25;-99;10.2;0;-99;1.91;13
3.3;2.2;5.1;1.1;65.71;-99;16.1;4.117;-99;0;14
5.4;3.2;6.9;0.7;88.54;-99;10.4;0;-99;2.81;15
6.8;4.8;7.9;0.7;86.67;-99;6.5;0;-99;1.97;16
4.3;0.6;6.1;0.9;79.96;-99;7.1;0.483;-99;1.15;17
1.6;-0.2;3.4;0.4;76.04;-99;7.4;6.6;-99;0;18
0.2;-1.7;1.1;0.1;93.67;-99;2.5;0;-99;0;19
-2.2;-3.5;-1.6;0;96.83;-99;1.7;0;-99;0;20
-2.3;-5;-0.1;0;89.46;-99;4.2;0.95;-99;0.23;21
-1.3;-3;0.2;0.1;91.38;-99;3.8;0.017;-99;0;22
-4.1;-5.6;-1.6;0;79.58;-99;5.4;5.467;-99;0;23
-3.8;-4.9;-2.7;0;74.25;-99;2.6;0.383;-99;0;24
-3.5;-4.4;-2.8;0;73.63;-99;3.1;0;-99;0;25
0.2;-3.7;3.1;0.1;94.33;-99;2.9;0;-99;1.82;26
4.1;2.7;5.1;0.2;94.29;-99;3;0;-99;2.7;27
3.3;0.8;4.5;0.3;88.92;-99;3.2;0.383;-99;0;28
1.1;-1.1;3;0.4;85.08;-99;5.4;3.833;-99;0.19;29
0.7;-0.8;3.1;0.6;78.71;-99;4.7;3.817;-99;0;30
0.4;-1.3;2.8;0.3;81.33;-99;4;1.667;-99;0;31
-1;-2.9;0.1;0.1;81.33;-99;4;0;-99;0;32
0.7;-1;2.5;0.2;81.33;-99;4;0;-99;2.49;33
1.2;-2;2.5;0.3;81.33;-99;4;0;-99;0;34
0.8;-3;3.9;0.6;81.33;-99;4;4.3;-99;0;35
3.8;1.9;5.6;0.5;83.08;-99;5.7;1.5;-99;0.23;36
3.8;1.7;5.5;0.5;86.29;-99;3.9;0;-99;1.73;37
4.9;4.2;5.9;0.9;82.13;-99;4.2;0;-99;0.9;38
6.7;5.4;8.1;0.8;78.08;-99;5.7;0.183;-99;0.12;39
8;6.6;9.9;1.5;69.88;-99;6.8;1.517;-99;0.81;40
6.3;1.7;8.1;0.5;85.88;-99;4.6;0;-99;3.82;41
4;2.2;4.8;1.2;82.13;-99;11.1;2.567;-99;2.51;42
3.5;2.6;5.9;0.9;77.88;-99;7.9;8.183;-99;0.06;43
6.9;5.5;8.6;0.4;90.17;-99;6.9;0;-99;0;44
6.6;3;8.7;0.6;83.75;-99;4.1;3.65;-99;0;45
6.4;0.9;12.6;0.9;71.08;-99;2.5;8.567;-99;0;46
9;4.8;13.9;1.4;59.5;-99;3.8;8.8;-99;0;47
9.3;5.9;12.2;0.6;78.75;-99;3.3;2.033;-99;0;48
8.2;3.6;13.9;0.9;69.17;-99;2.9;8.567;-99;0;49
6.9;5.4;9.4;0.9;78.25;-99;5.6;1.583;-99;0.42;50
7;5.4;9;0.8;82.96;-99;5.9;1.567;-99;0.15;51
7;4.5;9;0.8;89.63;-99;5.9;0.9;-99;2.95;52
2.6;-0.3;4.9;1;72.5;-99;3.8;6.517;-99;0;53
2.3;-1.1;6.8;1.1;51.42;-99;3.1;7.467;-99;0;54
4.5;0.5;9.6;1.3;65;-99;2.9;8.817;-99;0;55
4.9;2.1;7.8;1;87.54;-99;5.3;6;-99;0;56
5.6;3.9;8.9;0.7;85.21;-99;4.8;3.833;-99;0;57
8.8;3.6;15;1.8;52.83;-99;3.8;9.183;-99;0;58
5.6;3.9;10.1;0.5;85.08;-99;6.5;0.95;-99;0;59
3.5;1.8;4.3;0.4;86.21;-99;3.9;0;-99;0;60
3.8;1.5;5.7;0.6;80.17;-99;3.1;0.25;-99;0;61
8.4;4.7;10.7;0.8;88.33;-99;4.6;0;-99;2.86;62
9;6.4;12.6;2;77.13;-99;7.3;0.683;-99;2.39;63
6.5;3.2;7.8;1.2;75.92;-99;8;5.367;-99;0;64
6.6;1.9;10.3;0.9;77.75;-99;4.1;0;-99;0.83;65
9.8;7.2;14.2;1.7;71.92;-99;5.3;1.467;-99;0.66;66
6.3;4;8;2;73.5;-99;9;5.8;-99;2.61;67
5.7;1.4;8.9;1.9;77.63;-99;7.7;3.933;-99;6.55;68
5.4;3.3;7.4;1.2;77.58;-99;7.2;5.083;-99;0;69
3.6;1.7;4.9;0.7;86.75;-99;4.9;2.967;-99;0.13;70
4.9;0.2;7.7;1.1;75.54;-99;5.3;1.667;-99;1.51;71
6.3;4.3;8.2;1.6;75.88;-99;7.1;0.783;-99;6.08;72
5.7;4.8;7.4;1.1;87.71;-99;6.8;0.617;-99;5.67;73
6.5;5;9.1;1.7;82.42;-99;10.1;1.017;-99;4.46;74
6.4;4.7;9.3;1.2;82.25;-99;7.3;2;-99;5.51;75
7.8;4.7;10.2;1.3;72.38;-99;6.2;2.25;-99;0.44;76
5.5;4.3;7.8;1.5;77.71;-99;8.8;2.4;-99;0.69;77
4.6;2.2;6.4;1.2;79.54;-99;4.9;5.333;-99;0;78
6.5;1.4;10.4;0.9;81.63;-99;4.8;0.433;-99;0;79
9.8;7.8;13.3;0.9;85.58;-99;4.6;0.483;-99;0;80
8.4;5.9;10.7;0.5;90.54;-99;3;0;-99;0;81
7.3;5.5;9.5;0.9;89.04;-99;5.5;3.233;-99;0;82
5.7;4.3;7.2;1.3;81.92;-99;4.3;5.383;-99;0;83
5.3;3.2;7.3;1.4;84.25;-99;7.1;5.067;-99;1.65;84
5.8;4.5;7.2;1.4;82.92;-99;8.2;3.967;-99;0;85
7;5.7;8.7;0.6;93.79;-99;6.9;0.017;-99;0;86
7.4;6.4;9.7;0.6;96.29;-99;5.5;0;-99;0;87
9.1;6.5;12.6;1.2;80.13;-99;3.6;4.4;-99;0;88
10.4;4.8;17.7;2.3;74.96;-99;3.9;9.217;-99;0;89
6.5;4.5;8;2.1;73.13;-99;6.4;11.783;-99;0;90
5.2;0.5;10.4;2;64.25;-99;3.2;12.6;-99;0;91
8.4;2.3;13.6;2.9;50.04;-99;6.2;10.017;-99;0;92
10.1;7.7;15.7;1.91;69.33;-99;2.9;2.533;-99;0;93
12.8;8.6;18.9;2.7;58.38;-99;3.9;11.883;-99;0;94
13.3;8.9;19.5;2.3;62.29;-99;3.5;10.25;-99;0;95
11.8;6.2;21.6;2.5;70.63;-99;2;10.35;-99;0;96
8.7;5.8;12.4;2.4;78.42;-99;2.1;12.367;-99;0;97
7.1;3.7;10.2;1.8;78.63;-99;4.6;8.5;-99;0;98
4.9;2.9;7.2;1.8;72.46;-99;4.2;9.683;-99;0;99
4.4;1.8;7.2;1.8;69.54;-99;4.2;8.433;-99;0;100
3.4;1.7;5.3;1.1;72.83;-99;3.4;1.083;-99;0.06;101
3.5;1.4;6;1.7;67.54;-99;5.2;7.783;-99;0.39;102
3.1;1.4;5.4;1.5;76.29;-99;3.8;1.583;-99;0.31;103
5.9;3.3;9.2;1.5;70.33;-99;4.5;2.183;-99;0.22;104
6.2;2.8;11.9;2.2;67.08;-99;4.1;13.117;-99;0;105
7.7;2.6;13.6;2.6;60.67;-99;3.7;12.617;-99;0;106
10.1;4.7;16.9;2.7;55.75;-99;3.3;13.467;-99;0;107
9.1;5;13;2.7;70.83;-99;3.5;13.55;-99;0;108
10.9;5.7;16.8;3.1;56.21;-99;2.9;13.567;-99;0;109
8;3.4;11.1;3.1;70.67;-99;3.1;13.75;-99;0;110
10;3.6;13.7;3.4;60.58;-99;2.7;13.883;-99;0;111
12.6;6.1;19.1;3.5;51.75;-99;3.7;13.867;-99;0;112
14.6;10.3;19.7;4.3;52.42;-99;6;11.267;-99;0.39;113
16.4;12.7;21.5;3.6;60.75;-99;6;9.633;-99;0;114
14.4;12.6;18.2;3.6;72.29;-99;3.6;12.133;-99;0.28;115
13.6;10.4;24.7;3;77.08;-99;5.9;7.883;-99;8.77;116
11.7;9.3;16.1;2.6;82.38;-99;4.1;6.767;-99;5.93;117
10.1;9.5;11.4;1.4;91.33;-99;5.3;0.217;-99;0.22;118
9.9;8.3;12.3;2.9;82.08;-99;6.8;11.483;-99;1.42;119
11;7.1;15.2;3.4;81.13;-99;3.6;9.467;-99;0;120
9.8;8.8;10.8;1.6;86.17;-99;9.8;0;-99;0;121
9.3;7.3;10.8;1.41;79.13;-99;11.1;0.05;-99;0.29;122
7.6;4.1;10.2;2.6;67.88;-99;9.8;5.7;-99;0.83;123
5.8;2.4;8.6;2.2;71.38;-99;5.5;9.7;-99;0.1;124
8.7;4.8;11.6;3;61.75;-99;6.3;11.917;-99;0;125
7.9;3.3;11.1;2.4;69.96;-99;7;7.033;-99;0.03;126
7.8;3.4;10.8;2.7;65.83;-99;5.1;12.05;-99;0;127
11.5;4.6;16.5;3.4;51.46;-99;3.8;7.083;-99;0.13;128
12;10.3;14.6;2.4;81.5;-99;2.8;3.217;-99;6.5;129
10.7;8.4;12.9;1.7;84.67;-99;4.3;2.2;-99;0.18;130
9.8;7;12;3.1;68.17;-99;5.1;14.483;-99;0;131
10.2;7.6;12.8;3.4;70.04;-99;8.5;13.617;-99;0;132
10.2;8.2;12.7;3.3;68.33;-99;6.4;13.767;-99;0;133
9.9;6.1;12.5;3.4;60.54;-99;4.5;12.817;-99;0;134
10.5;5.3;14.2;3.6;58.88;-99;6.4;14.167;-99;0;135
10.8;8.8;13.3;1.9;73.96;-99;7.9;0.217;-99;0.76;136
11.2;9.7;13.3;1.7;93.96;-99;2.8;2.85;-99;0;137
15.4;10.5;22.6;3.2;78.88;-99;3.2;10.75;-99;0;138
12.9;10.9;16.4;2.6;90.13;-99;4.4;12.25;-99;0;139
11.8;10.5;14.4;2.1;97;-99;5.3;0.883;-99;4.08;140
12.8;11;15.1;1.7;96.71;-99;2.5;0.083;-99;0.06;141
11.8;10.7;13.3;1.3;91.71;-99;8.6;1.833;-99;0;142
13.6;10;18.3;3.8;69.71;-99;4.1;13.467;-99;0;143
15.2;11.1;22.1;4.7;64;-99;4.7;10.05;-99;0;144
12.5;11.2;15.3;2.2;73.17;-99;7.2;3.583;-99;0;145
13.6;9.1;16.7;1.8;79.92;-99;4.5;0;-99;2.76;146
14.7;12.4;16.7;3.8;74.29;-99;5.2;8.517;-99;3.25;147
12.5;10.7;14.3;3;68.21;-99;5.6;11.25;-99;0;148
11.3;9.4;13.6;3.5;53.42;-99;5.2;15.4;-99;0;149
15;8.9;20;3.3;63.17;-99;4.4;4.833;-99;0;150
16.2;14.3;20.1;2.3;85.25;-99;3.6;1.3;-99;0.16;151
16.7;12.9;22.4;3.9;77.54;-99;3.5;9.133;-99;0;152
20.5;11.8;29;4.9;64.13;-99;3.2;13.783;-99;0;153
20.8;15.7;28.8;5.1;66.42;-99;3.8;10.7;-99;1.14;154
17.5;15.1;22.3;3.9;75.5;-99;4.5;10.783;-99;0;155
20.9;17.4;25.9;5.7;71.71;-99;3.8;12.25;-99;0;156
20.2;14.7;29.8;4.1;72.29;-99;6.4;7.15;-99;16.31;157
15.7;13.7;19.2;3.5;80.33;-99;4.6;8.183;-99;0;158
17.4;14.1;20.2;4;63.46;-99;4.6;5.067;-99;0.41;159
16.3;12.6;19.7;4.8;61.88;-99;3.7;14.967;-99;0;160
17.2;14.7;21.7;2.7;76.29;-99;3.8;1.667;-99;0.03;161
17.4;15.2;23.7;3.4;91.46;-99;3.2;3.417;-99;3.14;162
17.8;15.9;21.5;2.8;90.29;-99;4.1;8.483;-99;10.84;163
19.6;14.1;25.4;4.5;64.67;-99;3.5;10.7;-99;3.9;164
21.5;14.5;28.3;5.5;59.21;-99;4.2;12.767;-99;0;165
19.1;15.7;22.5;3;82.08;-99;4.2;0.667;-99;4.87;166
17.1;14.9;19.7;4;74.04;-99;4.5;11.5;-99;0;167
19.2;15.2;22.4;4.4;65.13;-99;2.6;16.05;-99;0;168
23.4;17.3;29.2;5.9;52.21;-99;4.1;13.283;-99;0;169
24.2;17.9;31;5.9;54.42;-99;3.4;14.233;-99;0;170
19.5;17.1;24.1;3.5;77.83;-99;3.1;11.2;-99;0;171
18;16.1;21.1;4.1;72.96;-99;4.9;10.233;-99;1.47;172
17;13.8;19;4.5;60.5;-99;4.3;15.733;-99;0;173
18;12.9;23.7;5;64.04;-99;3.9;15.6;-99;0;174
19.6;13.9;27.6;5.5;65.5;-99;3.8;15.133;-99;0;175
24;16.6;31.5;6.7;65.5;-99;3.8;13.8;-99;0;176
22.4;16;27.6;6.5;65.5;-99;3.8;14.7;-99;0;177
16.7;14.5;18.8;3.9;73.88;-99;10.9;7.15;-99;0;178
17.2;15.7;19.4;3.9;75.21;-99;5.1;11.333;-99;0;179
19.4;13.9;23.8;5.31;66.58;-99;3.2;15.967;-99;0;180
24.3;17.8;35.9;8.11;54.17;-99;5.9;14.217;-99;0;181
19.2;14.7;24.4;5.1;68.21;-99;7.6;12.283;-99;0;182
15.9;13.4;17.6;3.9;67.38;-99;12.1;6.033;-99;0.16;183
15.3;12.2;18.3;3.9;64.63;-99;9.8;7.033;-99;1.2;184
15.9;13.7;18.4;3;68.13;-99;8.6;0.867;-99;1.25;185
15.6;13.5;17.5;2.8;84.79;-99;9.5;1.583;-99;3.46;186
15.6;14.1;17.9;2.1;80.42;-99;6.6;1.533;-99;0.82;187
14.9;13.3;16.6;2.7;72.04;-99;11.7;2.333;-99;0;188
15.2;12.2;17.7;3.4;70.29;-99;9.7;10.283;-99;0.03;189
15.7;13.7;18.1;3.5;70.17;-99;9.1;10.983;-99;0;190
17;15.1;19.7;4.1;74.17;-99;7.5;12.05;-99;0;191
17.4;15;19.7;4;68.21;-99;3.3;13.517;-99;0.03;192
17.7;15.4;19.7;2.8;77.67;-99;2.2;2.3;-99;0.06;193
18.3;14.8;21.7;4.4;79.21;-99;3.6;15.433;-99;0;194
16.3;14.7;16.9;2.1;78.42;-99;5;0;-99;0;195
15.4;13.3;17.9;2.4;73.46;-99;5.7;0.55;-99;0;196
16.4;14.6;19.4;2.7;82.17;-99;8.1;2.583;-99;0.03;197
17.1;14.3;19.8;3.5;82.71;-99;4.7;12.133;-99;0;198
18.6;12.9;23.7;4;71.67;-99;3.6;10.967;-99;0;199
19.1;16.8;22.4;3.5;73.71;-99;2.9;8.933;-99;0;200
21.3;15.5;29.6;4.8;68.92;-99;3.4;9.517;-99;3.14;201
18.6;15.8;21.4;3.6;80.5;-99;5.5;8.767;-99;0;202
16.7;13.8;19.2;2.2;83.75;-99;4.1;1.8;-99;1.32;203
20.4;16.4;24.4;4.1;82.33;-99;3.2;13.533;-99;0;204
22;17.2;27.8;4.8;74.21;-99;3.3;14.933;-99;0;205
23.2;18.1;29.4;5;64.46;-99;4.1;12.517;-99;0;206
22.1;17.3;29.8;5.1;68;-99;3.7;15.167;-99;0;207
21.3;17.8;26.6;4.2;72.54;-99;4.5;12.617;-99;0;208
21.5;17.5;27.6;4.4;76.54;-99;3.6;14.25;-99;0;209
18.9;17.2;21.8;3.4;91.46;-99;2.6;6.733;-99;0.57;210
18.9;17.3;20.2;2;93.5;-99;3.7;0;-99;5.62;211
18.1;14.8;22.2;2.2;86.21;-99;2.9;2.283;-99;5.38;212
17.9;15.1;20.4;2.4;84.54;-99;2.7;8.083;-99;0;213
17.9;16.1;20.6;2.5;79.58;-99;3;4.733;-99;0;214
19.2;15.1;22.2;3.7;76.42;-99;2;14.633;-99;0;215
19.2;17.2;21.5;2.9;74.17;-99;4.1;9.917;-99;0;216
19.2;15.9;23;2.81;79.67;-99;2.7;6.233;-99;0.37;217
20.4;17.2;23.1;3.3;71.71;-99;3.2;8.75;-99;0;218
18.6;15.7;22.3;2.5;77.25;-99;2.9;5.617;-99;0.13;219
18.5;15;23.1;3.3;74.17;-99;4.4;9.667;-99;0.54;220
18.9;15.3;22.9;3.2;75.79;-99;3.5;6.35;-99;3.25;221
21.2;17.6;26.3;4.2;67.33;-99;4.5;8.067;-99;0.84;222
20.2;16.9;25.2;4.6;57.96;-99;4.2;11.017;-99;0;223
19.8;15.3;23.2;4.01;65.5;-99;3.8;11.05;-99;0.55;224
15.5;12;18.5;2.5;81.96;-99;4;3.833;-99;4.31;225
15.4;10.7;19.6;2.7;69.71;-99;4.3;10.817;-99;0;226
16.3;14.6;19;1.9;77.58;-99;3.5;0.133;-99;0.63;227
17.4;14.6;20.3;2.2;78.79;-99;3.5;5.333;-99;0;228
18.7;15.8;22.5;2.1;74.58;-99;3.1;0.083;-99;0.52;229
17.9;14.9;21;1.5;90.13;-99;2.8;0.05;-99;1.89;230
17.9;14.4;22.8;2.8;75.38;-99;3.5;6.633;-99;0;231
17.9;13.9;22.7;3.2;70.58;-99;3.3;8.533;-99;2.7;232
16.8;13.3;20.1;2.7;75;-99;3.6;10.417;-99;0;233
19.7;13.2;26.5;3.9;58.88;-99;2.9;13.15;-99;0;234
19.3;14.5;23.9;3.8;64.75;-99;2.3;12.1;-99;0;235
20.1;15.2;24;3.5;73.33;-99;3.3;13.367;-99;0;236
23.4;17.4;30.5;3.9;57.79;-99;3.7;11.25;-99;0;237
23;19.3;28.8;3.8;61.67;-99;3.5;12.667;-99;0;238
23.8;19.3;32.7;3.7;71.71;-99;3.6;8.45;-99;12.44;239
23.6;19.3;31.4;3.8;73.71;-99;2.8;7.483;-99;0.86;240
21.1;19;24;2.9;78.54;-99;3.7;6.217;-99;0;241
20.6;16.7;26.1;2.7;75.75;-99;2.1;10.333;-99;0;242
24.3;17.8;32.5;3.7;67.46;-99;2.5;11.567;-99;0;243
20.6;16.7;24.8;2.7;71.38;-99;5.8;5.4;-99;0.05;244
15.7;12.6;19.4;2.5;70.21;-99;5.2;10.083;-99;0.07;245
15.5;12.3;19.5;1.6;81;-99;4.3;1.183;-99;0.54;246
16.7;13.5;21.5;1.9;76.96;-99;3.5;2.633;-99;0.23;247
15.6;13.3;18.4;2.21;72.92;-99;7.6;7.067;-99;0.27;248
14.6;9.7;18.5;2.3;66.67;-99;4.5;5.733;-99;0;249
15;12.3;18.1;2;69.08;-99;2.4;1.933;-99;0;250
14.9;11.2;18.6;1.9;79.08;-99;2.4;10.783;-99;0;251
14.6;11.7;16.3;1.1;91;-99;4.5;0;-99;6.52;252
15.5;13.5;17.1;1.7;85.92;-99;9.5;0;-99;11.07;253
15.9;11.4;20.5;2.3;72.79;-99;4.6;8.367;-99;0.67;254
16.7;13.6;20;1.8;76;-99;4;8.217;-99;0;255
16.5;14.6;18;2.3;72;-99;8.2;7.9;-99;1.38;256
14.9;11.8;17.3;1.9;64.42;-99;5.3;9.483;-99;0;257
14.9;11.5;18.9;1.9;70.04;-99;7.5;1.817;-99;0;258
14.7;13.4;15.9;1.9;64.13;-99;10.7;8;-99;0.14;259
12.8;9;14.4;2.2;69.67;-99;13;3.617;-99;3.89;260
12.8;11.5;14.3;1.6;69.25;-99;11.6;5.817;-99;0.73;261
13.2;11.4;14.7;1.7;72.96;-99;6.6;7.317;-99;0;262
13.8;12.4;15.4;0.9;80.38;-99;5.9;0.15;-99;0.2;263
14.4;12;16.5;1.3;83.54;-99;4.2;6.167;-99;0;264
16.6;10.5;23.9;2;69.42;-99;3.3;11.567;-99;0;265
16.3;13.3;22.4;1.8;77.63;-99;3.7;10.917;-99;0;266
15.1;12.1;17.9;0.8;88.46;-99;2.2;0.917;-99;0.15;267
15.1;13;19.1;0.7;89.17;-99;2.3;0.483;-99;1.25;268
15.8;13.9;18.3;1;85.5;-99;2.5;1.833;-99;0;269
15.9;13.7;18.3;1;83.21;-99;3.2;2.067;-99;1.1;270
15.5;13.5;18.5;1.4;75.96;-99;4;3.733;-99;0.56;271
14;12.9;15.2;0.8;89.92;-99;4.4;0;-99;3.21;272
13.5;11;15.6;1.7;89.92;-99;4.4;3;-99;6.19;273
10;9.9;11.9;0.7;89.92;-99;4.4;0;-99;3.32;274
11.5;8.9;13.6;1.2;68.25;-99;6.8;4.75;-99;3.75;275
10.3;8;11;0.8;75.79;-99;6.6;1;-99;0.03;276
9.6;7.8;11.7;0.8;75.33;-99;3;0.75;-99;0;277
9.5;6.6;11.8;1.2;74.13;-99;4.4;3.4;-99;0.55;278
8;4.2;12.4;0.9;74.38;-99;2.3;9.25;-99;0;279
7.1;4.4;9.7;0.7;76.29;-99;2.1;4.883;-99;0.09;280
10.3;6.4;14.4;0.9;84.29;-99;3.9;0.017;-99;2.2;281
12;9.7;14.6;0.8;80.71;-99;4;3.867;-99;0;282
11;9.5;14;0.9;78.38;-99;4.7;5.05;-99;0;283
13.1;10.2;15.3;1.1;81.83;-99;6.4;0;-99;0.73;284
13.1;11;16.2;0.9;84.92;-99;4.3;0;-99;4.38;285
14.8;10.9;20.2;1;87.33;-99;3.2;1.033;-99;0.37;286
14.4;12;17.9;1.2;79.96;-99;4;3.867;-99;0;287
14.3;11.4;21;0.99;85.42;-99;3.2;7.317;-99;0;288
12.6;10.1;13.4;0.3;96.08;-99;4.7;0;-99;3.07;289
13.4;10.1;15.7;0.6;91.13;-99;2.8;0;-99;0.1;290
13.9;10.2;18.1;1.2;83.25;-99;3.8;3.133;-99;2.32;291
12.5;8.9;16.1;0.9;76.83;-99;3.8;5.117;-99;0.29;292
12.8;11.4;14.7;0.4;90.08;-99;2.2;0.15;-99;1.59;293
13.1;11;14.8;0.5;91.63;-99;3.3;0;-99;0.03;294
12.4;9.4;14.7;0.6;82.04;-99;3.4;4.1;-99;0;295
11.4;7.8;14.7;0.5;86.54;-99;3;3.583;-99;0;296
12.2;9.7;14.3;0.2;92.29;-99;3.7;0;-99;0;297
13.5;12.3;14.8;0.8;77.38;-99;4.4;0.967;-99;0;298
15.4;12.7;18;1.2;70.58;-99;6.4;3.133;-99;0;299
11.8;8.2;17.6;1.4;74.17;-99;8;4.85;-99;1.35;300
10.3;8.4;12;0.8;74.46;-99;8;4;-99;0.55;301
8.5;5.8;9.6;0.6;68.29;-99;5;7.467;-99;1.3;302
5.2;2.1;8.9;0.5;75.58;-99;1.9;8.617;-99;0;303
3.9;1.3;8;0.5;77.42;-99;2.8;7.95;-99;0;304
3.7;1;6.2;0.5;79.79;-99;4;3.433;-99;0.93;305
9.9;5.5;13.3;0.5;94.08;-99;3.1;0.133;-99;2.47;306
11.5;10.7;13.3;0.5;87.46;-99;2.5;2.783;-99;0;307
10.3;9.8;11.2;0.3;95.46;-99;2.4;0;-99;6.89;308
8.5;6.8;9.9;0.4;94.83;-99;2.7;0;-99;11.31;309
7.3;6.2;8.1;0.3;86.25;-99;3.1;0;-99;0.17;310
6.4;5.2;8.7;0.2;89.33;-99;2.7;1.367;-99;0;311
7.3;5.3;9;0.3;87.38;-99;2.3;0.817;-99;0;312
8.5;5.8;9.6;0.3;82.63;-99;5.2;0.033;-99;0.03;313
5.2;2.5;8.8;0.3;86.04;-99;2.8;5.35;-99;0;314
2.6;0.6;4.6;0.2;90.29;-99;3.9;0.05;-99;0;315
4.8;2;8.1;0.4;78.67;-99;3.7;3.65;-99;0;316
5;3.1;6.4;0.3;80.38;-99;2.9;2.633;-99;0;317
5.2;2.7;8.8;0.3;85.63;-99;3;7.317;-99;0;318
6.2;2.6;9;0.3;84.67;-99;4.4;0;-99;0;319
7.6;4.2;9.3;0.5;88.17;-99;4.3;0;-99;3.26;320
5.3;2.3;8.1;0.3;83.46;-99;3.4;0.867;-99;0.4;321
8.2;6.5;10.1;0.3;90.5;-99;3.3;0;-99;0.15;322
6.5;4.6;9.1;0.5;84;-99;4.8;0.233;-99;0.21;323
5.1;4.2;5.7;0.1;94.67;-99;1.7;0;-99;1.06;324
7.4;5.3;9.4;0.1;95.92;-99;2.2;0;-99;0;325
9.2;8.2;10.1;0.4;89.58;-99;3.5;0.583;-99;0.47;326
5.9;2.9;8.2;0.2;86.5;-99;4.5;0;-99;0;327
4.1;2.9;5;0.2;87;-99;4.2;0;-99;0;328
4.2;3.4;4.6;0.1;94.29;-99;3.5;0;-99;0;329
5.6;4.4;7.3;0.1;91.71;-99;3.1;0;-99;0;330
7.5;6.9;8.1;0.2;89.54;-99;4;0;-99;0.54;331
9.2;7.9;10.7;0.6;88.46;-99;5.2;0.183;-99;3.21;332
5.9;4.7;8.1;0.8;72.79;-99;12.7;0.067;-99;0.84;333
5.3;1.1;6.9;0.2;78.46;-99;7.3;3.75;-99;0;334
3.1;1.2;6;0.1;91.5;-99;3.5;1.767;-99;2.71;335
5.3;3.5;6.7;0.5;79.38;-99;8.9;1;-99;0.28;336
4.3;0.8;7;0.2;86;-99;4.3;1.017;-99;0.28;337
5.9;5.2;6.9;0.2;85.42;-99;3.8;0;-99;0;338
4.1;1.9;6.4;0.2;82.79;-99;4.3;6.583;-99;0;339
5.4;2.5;6.8;0.3;86.88;-99;6.6;0;-99;0.21;340
8;6.8;8.9;0.8;87;-99;7.1;2.717;-99;1.63;341
