tavg;tmin;tmax;ET0;relhumid;vapp14;wind;sundu;globrad;precip;jday
C_deg;C_deg;C_deg;mm;%;mm_Hg;m/s;hours;J cm-2 d-1;mm;
55;2;-----;-----;-----;-----;-----;-----;------;-- -;-
7.3;2.4;11.2;0.2;95;-99;4;0;-99;0.74;1
8.1;2.9;12.2;0.5;89;-99;4.6;0;-99;0.28;2
5;3.1;8;0.8;86;-99;6.7;0.7;-99;1.84;3
5.2;3.6;6.4;0.9;80;-99;7.8;2.1;-99;0.35;4
5;3;6.9;1.3;87;-99;10;1.8;-99;3.46;5
3.4;1;4.5;0.5;81;-99;9.9;3.9;-99;0;6
5;3.3;6.9;0.5;90;-99;7.3;0;-99;2.84;7
5;3.1;5.9;0.4;91;-99;7.9;0;-99;0.33;8
3.8;2.5;7.1;0.2;90;-99;5.2;0;-99;1.15;9
5.4;4.6;6.3;0.4;89;-99;7.8;3.4;-99;0;10
6.7;5.5;8.1;0.3;88;-99;6.4;0.1;-99;0;11
7.3;4.4;9.2;1;85;-99;10.3;0.3;-99;0.31;12
4.5;3.8;5;0.7;78;-99;13.7;2.4;-99;0;13
3.6;2.6;4.5;0.7;76;-99;11.5;6;-99;0;14
2.4;1.8;3.3;0.5;75;-99;5.7;5.2;-99;0;15
3.8;2.1;4.3;0.2;92;-99;6.7;0;-99;0.06;16
3.8;2;4.3;0.2;91;-99;6.8;0;-99;0;17
2.2;-0.1;4.7;0.4;86;-99;4.3;2.2;-99;2.13;18
4.7;2.2;5.6;0.4;91;-99;6.9;0;-99;1.75;19
3;1.6;4;0.3;88;-99;5.7;0.9;-99;0.06;20
2.9;1.2;5;0.3;92;-99;5.7;0;-99;1.38;21
3.6;1.7;4.8;0.6;86;-99;8.2;0.1;-99;0.57;22
1.3;-1.6;2.7;0.2;80;-99;3.8;6.5;-99;0;23
-0.9;-3.2;1.9;0.2;85;-99;1.7;5.9;-99;0;24
-0.5;-2.5;1.6;0.2;77;-99;2.1;7;-99;0;25
-1.1;-2.6;1.5;0.3;86;-99;5.3;7.9;-99;0.06;26
-1.8;-3.2;-0.6;0;75;-99;6.3;0;-99;0;27
-3.6;-5.5;-2.5;0;78;-99;3;3.1;-99;0.15;28
-4;-5;-3.1;0;74;-99;3.8;1.2;-99;0;29
-4.3;-6.3;-0.9;0;55;-99;4.9;8.2;-99;0;30
-4.9;-7.9;-1.7;0;71;-99;4;8.2;-99;0;31
-4.6;-7.2;-2.3;0;66;-99;3.1;5.5;-99;0;32
-6.4;-10.3;-3.5;0;65;-99;4.2;1.3;-99;0.06;33
-6.1;-10.1;-4.2;0;75;-99;5.3;3.9;-99;0.23;34
-7.8;-12.1;-5.6;0;78;-99;3.1;1;-99;0.15;35
-10.7;-13.4;-9.1;0;81;-99;3.7;6.1;-99;0;36
-12.6;-16;-5.2;0;71;-99;2.7;8.5;-99;0.07;37
-4.5;-9.9;-1.3;0;83;-99;3.7;0;-99;0.12;38
-1.5;-2.7;-0.7;0;79;-99;4.4;0;-99;0;39
-1.9;-3.2;0.2;0;82;-99;8.1;1;-99;0.21;40
-3.8;-6.1;-1.7;0;80;-99;2.3;3.1;-99;0;41
-3;-4.1;-1.6;0;69;-99;2.2;0;-99;0;42
-2.6;-5.1;0.3;0;87;-99;4.9;0;-99;0.03;43
-2;-4.3;0.1;0;92;-99;3.1;0;-99;0.01;44
-0.3;-3.5;3.5;0.1;94;-99;4.3;0;-99;0.89;45
1.8;0.2;3.1;1.4;78;-99;11.7;7.3;-99;0.41;46
1.7;-0.6;4.4;0.6;81;-99;5.3;5.8;-99;1.59;47
2.8;1.7;4.1;0.6;95;-99;7.4;2.1;-99;0;48
4.4;1.3;6.6;0.3;94;-99;4.8;0;-99;0.62;49
2.9;1;6.2;0.8;85;-99;7.3;3.2;-99;0.46;50
2.1;0.6;4.7;0.9;76;-99;7.2;7.3;-99;0;51
3.5;0.4;5.8;0.3;92;-99;6.3;0;-99;1.14;52
6.3;5.2;7.9;0.6;84;-99;6.1;0;-99;0.68;53
6.4;3.9;9.2;1.3;89;-99;8.2;5.6;-99;0.03;54
7;4.1;9.7;0.7;90;-99;10;0.2;-99;0;55
4.2;3.1;5.9;0.9;85;-99;11;2.5;-99;0;56
2.2;0.5;3.4;1.2;87;-99;4.9;9.1;-99;0;57
2;-1.1;5.8;0.3;90;-99;3.5;0;-99;0.52;58
7.3;4.7;9.3;0.4;96;-99;8.7;0.1;-99;0.12;59
5.9;3.7;8.9;0.3;100;-99;6.4;0;-99;0;60
6.9;4.5;9.5;0.4;94;-99;6.6;2.9;-99;0;61
3.6;1.1;5.5;0.6;97;-99;4.5;3.8;-99;0;62
3.7;0.3;8.8;1.4;69;-99;3.7;9.1;-99;0;63
3.4;1.4;5.9;1;62;-99;5.8;2;-99;0;64
2.2;-0.3;6.8;1.4;64;-99;6.1;4.6;-99;0;65
0.8;-1.8;4.2;1.09;71;-99;4.6;7.6;-99;0;66
2.5;-1.4;6;1.2;59;-99;4.4;6;-99;0.09;67
3.3;2.1;5;1.1;92;-99;4.9;5.4;-99;1.27;68
5.8;1.3;9.4;0.7;83;-99;4.6;1.1;-99;0;69
7.2;4.6;10.4;0.9;88;-99;7.3;1.9;-99;0.2;70
4.7;3.6;6.2;1;93;-99;8.3;4.9;-99;0;71
4.9;4.1;6.1;0.9;95;-99;8.8;4.2;-99;0;72
5.4;4.1;7.6;0.9;91;-99;7.9;4.3;-99;0;73
5.2;4.4;6.5;0.8;90;-99;6.7;1.3;-99;0;74
5.2;4;6.9;0.5;86;-99;2.7;0.5;-99;0;75
7.6;2.6;17.4;1.7;80;-99;3.4;10;-99;0;76
6.9;5;9.4;0.7;86;-99;3;1.8;-99;0;77
8.6;4.3;13.7;1.2;79;-99;3.8;1.7;-99;0.15;78
5.4;3.6;7.9;1.4;82;-99;8.8;9.3;-99;0;79
7.7;4.1;11.2;1.1;81;-99;6.1;0.5;-99;0.04;80
7.9;5.9;12.1;1.4;90;-99;6.2;5.8;-99;0;81
7.3;4.9;10.2;1.7;87;-99;4.8;11.7;-99;0;82
7;5.1;9.4;1.6;87;-99;2.7;11.8;-99;0;83
4.5;2.4;6.9;1.1;95;-99;3.8;1.7;-99;0;84
5.2;2.6;7.8;1.1;94;-99;4.6;6.2;-99;0;85
5.7;2.5;9.2;1.7;91;-99;2.7;7.4;-99;0;86
8.3;5.7;11.5;1.8;86;-99;6.2;9.3;-99;0;87
8.5;6.3;13.4;2.7;81;-99;9.3;10.7;-99;0;88
6.6;5.7;8.2;1.2;87;-99;11.3;0.9;-99;0;89
6.7;5.4;8.4;1.5;87;-99;10.9;5.2;-99;0;90
5.3;2.3;6.4;1.9;75;-99;12.3;3.7;-99;0.89;91
5.3;3.7;7.1;1.4;82;-99;8.7;1.1;-99;0.53;92
4.8;3.3;6.5;1.9;69;-99;11.1;7.6;-99;0;93
2.9;1.6;4.1;0.6;79;-99;3.1;0;-99;0.87;94
3.2;1.7;4.9;0.8;80;-99;5.4;0.1;-99;0;95
3.6;0.9;6.1;1.9;71;-99;4.7;12.9;-99;0;96
4.1;-0.6;8.4;2.2;70;-99;4.7;9.2;-99;1.18;97
2.5;0.7;3.7;1.2;79;-99;8.8;0;-99;1.85;98
3.6;1.7;5.9;2.1;56;-99;4.9;12.8;-99;0;99
5.9;3;8.7;1.41;70;-99;4.8;0.4;-99;0.74;100
10.2;6.3;13.1;1;81;-99;4;0.1;-99;0.06;101
8.4;5.9;11.8;0.9;81;-99;3.1;0.8;-99;0.13;102
7.5;4.4;11.4;1.1;83;-99;2.3;1.8;-99;0.89;103
6.5;4.3;7.8;1;90;-99;2.6;1.2;-99;0.55;104
6.3;2.8;8.9;1.7;83;-99;3;8.6;-99;0.03;105
7;5;9.4;2.4;80;-99;4;11.3;-99;0;106
6;4.3;8.3;2.3;74;-99;8.5;12.8;-99;0;107
5.9;1.6;9.7;2.1;62;-99;5.2;7.5;-99;0.12;108
8.6;5.1;11.8;2.4;56;-99;3.5;1;-99;0.19;109
11.5;6.7;17.1;3.2;56;-99;4.2;10.9;-99;0;110
9.5;7.3;14.4;1.4;86;-99;2.9;5.1;-99;0.63;111
10.9;6.6;17;2.4;71;-99;2.8;7.5;-99;0.46;112
7.5;4.8;10.6;1.5;85;-99;2.3;3.2;-99;5.95;113
8.1;4.4;14.3;2;78;-99;3.2;5.3;-99;0.66;114
11.2;5.7;16.8;2.1;67;-99;4;0.9;-99;1.14;115
10.4;8.1;14;2.1;79;-99;3.9;7.8;-99;0.26;116
13.3;10.2;16.6;2.1;63;-99;3.9;1.2;-99;0.16;117
14.4;11.7;17.6;2.7;59;-99;3.7;4.2;-99;0.04;118
10.3;7.9;14.1;2.7;85;-99;4.7;8.2;-99;0.11;119
11.1;7.9;14.4;1.9;78;-99;4.7;5.5;-99;0;120
8.3;6.4;10;2.8;87;-99;2.1;10.7;-99;0;121
11.9;7.4;18.2;3.4;63;-99;4.4;12.9;-99;0;122
9.3;7.3;11.9;3.1;76;-99;5;13.5;-99;0;123
9.2;7.1;12.5;2.5;81;-99;2.5;6.1;-99;0.74;124
12.6;8.2;16.2;1.8;83;-99;3.4;2.2;-99;0.09;125
8.3;6.9;10.6;2.5;74;-99;5.3;10.5;-99;0;126
7.9;6.7;9.7;2.4;66;-99;4.2;10.9;-99;0;127
7.8;6.4;8.6;1;72;-99;1.7;0.2;-99;0.14;128
13.4;6.2;19.2;3.1;63;-99;3.8;7;-99;0;129
16.4;12.1;22.2;3.1;72;-99;3.9;6.5;-99;0.87;130
18.2;13.9;22.2;2.7;82;-99;4.2;1.2;-99;3.07;131
16.9;9.3;22.6;3.1;80;-99;6.3;2.6;-99;0.15;132
9.3;8;11.4;2.81;72;-99;12.5;7.5;-99;0.06;133
9.3;7.4;11.7;2.6;72;-99;6.5;9.3;-99;0;134
12.2;6;16.9;3.6;54;-99;3.8;9;-99;0;135
12.1;7.8;18.8;3.2;67;-99;4;4.6;-99;0.3;136
8.5;6.2;10.8;2;82;-99;8;3.5;-99;0.1;137
8.8;5.7;12.4;2.7;70;-99;6.7;11.9;-99;0;138
12.2;6.6;17.3;3.7;57;-99;3.9;10.2;-99;0;139
13.1;9.6;17.2;3;70;-99;3.3;4.4;-99;0;140
18.1;13.2;26.3;4.8;61;-99;3;13.7;-99;0;141
17.7;13.4;26.5;4.2;73;-99;3;13.7;-99;0;142
14.9;11.7;18.2;3.8;84;-99;4.4;13.9;-99;0;143
15;12.1;20.9;3.7;77;-99;4.7;14.7;-99;0;144
13.2;10.4;16.8;4.7;73;-99;3.9;15.8;-99;0;145
13.6;10;17.8;4.5;73;-99;3.7;15.8;-99;0;146
13.8;9.8;17.4;4.19;72;-99;1.9;12.2;-99;0.03;147
14.6;12.6;17.9;4.1;72;-99;3.6;14.7;-99;0;148
16.2;11;21.5;5;67;-99;4.8;14.9;-99;0;149
12.3;8.3;15;2.9;79;-99;7.7;10.3;-99;0;150
11.8;9.4;14.6;2;72;-99;6;3.5;-99;0;151
11.9;10.7;14.3;2.1;71;-99;4.2;3.4;-99;0.88;152
11.6;9.3;13.9;3.7;67;-99;12.4;10.7;-99;0;153
10.9;8.6;13.4;3.5;65;-99;11.7;11.6;-99;0.06;154
11;6.9;13.5;2.7;64;-99;6.4;5.9;-99;0;155
11.7;8.7;14.9;2.7;71;-99;5.5;5.5;-99;0.03;156
12;8.7;14.6;3.1;69;-99;7.4;8.3;-99;0;157
11.9;7.1;15.9;2.6;69;-99;3.2;5;-99;0.15;158
14.6;10.7;19.6;2.2;81;-99;2.7;3.3;-99;0.28;159
16.2;13.2;21.7;3.6;80;-99;3.8;7;-99;0.26;160
15.3;11.6;19.8;4;61;-99;4.2;6.7;-99;0;161
14.9;11.9;18.5;3.2;68;-99;3.7;4.2;-99;0;162
13.9;10.2;16.2;3.2;79;-99;2.6;11.7;-99;0;163
14.2;13.1;15.9;2;89;-99;3.7;1.5;-99;1.28;164
14.3;12.4;16.4;3.2;78;-99;5.6;6.8;-99;0;165
12.8;9.3;15.9;2.9;69;-99;4.3;6.6;-99;0;166
16.8;11.1;22.1;3.8;62;-99;3.3;5.6;-99;0;167
16.9;14;20.1;1.9;84;-99;3.1;0.5;-99;1.88;168
16.3;11.7;21.1;3.71;74;-99;4.3;7.7;-99;0.31;169
18.4;11.9;29.2;5.4;71;-99;6.2;11.7;-99;2.41;170
15.1;12.1;17.7;3.3;79;-99;3.2;10.1;-99;0;171
16.9;14;19.9;2.3;77;-99;2.5;1.8;-99;0;172
16.7;13.7;20.3;3.9;68;-99;4.5;12.9;-99;0;173
16.1;13.7;18.7;3.3;82;-99;3.1;6.3;-99;0.13;174
16.2;12.2;21.4;4.3;73;-99;3.7;10.1;-99;0;175
13.6;12.3;14.7;1.4;87;-99;3.2;0;-99;6.49;176
13.8;11.6;16.5;2.9;86;-99;9.4;3.4;-99;0.95;177
13.9;12.3;15.5;2.3;81;-99;12;1.5;-99;0;178
13.7;11.7;16.1;2.1;80;-99;5.8;0.8;-99;0;179
16.2;13.9;19.9;2.3;83;-99;2.7;5.7;-99;0;180
20.5;16.1;26.5;3.4;81;-99;3.9;4;-99;3.97;181
20.3;15.3;23.8;4.4;70;-99;2.3;10.7;-99;0;182
18.8;12.4;22.3;3.9;78;-99;3.9;7.2;-99;0.88;183
15.9;10.9;19.2;3.7;77;-99;3;10.7;-99;0;184
17;15.2;18.6;2.39;84;-99;2.8;0.1;-99;0;185
17.5;14.8;21.4;2.7;83;-99;3.3;7.1;-99;0;186
17.9;15.1;21.2;2.5;87;-99;3.2;5.6;-99;0.01;187
16.8;15.4;18.3;2.7;97;-99;2.2;0.9;-99;2.47;188
16.4;14.9;18.4;1.7;98;-99;2;1.2;-99;0.53;189
20.1;14.9;27.8;4;78;-99;2.7;11;-99;1.85;190
17.6;15.2;22.2;2.9;79;-99;4.7;5.2;-99;0.06;191
16.5;14.8;21;3.1;83;-99;3.2;3.2;-99;0.14;192
16.9;12.9;20.8;2.7;82;-99;3;3.3;-99;0.29;193
14.9;12;19.6;2.8;81;-99;5;5.8;-99;0.5;194
14.8;11.1;19.6;2.4;83;-99;3;6.7;-99;0.42;195
15.8;14;19.3;1.9;85;-99;3.8;1.1;-99;1.86;196
15.1;11.1;17.9;3.1;77;-99;6;10;-99;0.03;197
15.2;12.1;18.9;3.4;74;-99;5.1;7.1;-99;0.92;198
15.7;12.7;18.9;3.2;82;-99;6.6;8.3;-99;0.29;199
16;14.3;18.8;1.8;82;-99;5.3;1.3;-99;4.41;200
15.4;13.4;19.2;2.3;85;-99;5;1.9;-99;2.81;201
15.2;14.1;17.7;2.5;81;-99;7.3;1.8;-99;3.46;202
15.1;12.6;16.9;2.7;76;-99;9;1.4;-99;0.15;203
16;13.7;18.6;3.3;70;-99;5;12.8;-99;0;204
19.9;14.2;25.7;4.8;53;-99;3.5;14;-99;0;205
21.9;16.2;28.2;5.1;55;-99;3.1;15.3;-99;0.01;206
21;17.6;25.4;4.5;72;-99;3.4;14.7;-99;0.25;207
20;17.3;23.1;4.4;85;-99;2.5;14.9;-99;0;208
22;15.6;30.1;4.7;70;-99;3.2;14.6;-99;0;209
21;17.7;28.1;3.6;77;-99;4.9;7.6;-99;0.05;210
16.9;15.2;21.1;1.5;82;-99;3.4;1.1;-99;0.17;211
16.5;12.4;20.6;2.9;72;-99;4.2;9.9;-99;0.51;212
16.1;11.3;21.2;3;68;-99;3.6;9.2;-99;0;213
19.2;14;24.6;3.5;63;-99;3;6.8;-99;0;214
21.4;16.9;27;3.6;69;-99;4.2;5.7;-99;0.16;215
18.6;16.3;22.1;3.2;79;-99;3.1;11.4;-99;0.1;216
17.8;14.7;21.8;2.8;82;-99;2.4;10.4;-99;2.56;217
18.3;15.1;22.2;1.7;84;-99;2.3;1.2;-99;0.12;218
17.9;15.2;23.3;2.6;83;-99;3.9;4.6;-99;1.09;219
17;14;20.7;2.6;77;-99;5.6;7.9;-99;0.28;220
16.7;14.9;19.2;2.7;79;-99;7.1;7.4;-99;0.67;221
16.7;14.7;19.6;2.7;79;-99;7.1;8.8;-99;0.07;222
16.1;15.1;18;1.8;79;-99;6.3;0.9;-99;0.01;223
16.3;13.2;18.8;2.8;77;-99;3.6;14.6;-99;0;224
16.1;11.8;20.2;3;73;-99;3.1;12.1;-99;0;225
17.1;12.5;22.6;3.1;65;-99;3.2;11.3;-99;0;226
16.3;12.2;19.5;2.8;77;-99;3.9;13.7;-99;0;227
16.7;12.2;21.3;2.8;81;-99;3;12.2;-99;0;228
17.2;14.1;22.9;1.8;88;-99;2.7;5;-99;0.9;229
17.8;13.5;21.3;2.8;81;-99;2.1;12.1;-99;0;230
23.2;17.1;29.8;4.4;55;-99;3.1;10.8;-99;0;231
23.4;19.7;28.9;4.7;60;-99;2.7;13.1;-99;0;232
23;17.7;28.8;3.3;75;-99;4.3;6.5;-99;0.4;233
18.5;16.8;20.2;2.2;79;-99;3.1;4.2;-99;0.12;234
18.3;15.1;21.9;3.2;76;-99;5.9;11.7;-99;0.66;235
17.8;13.8;22.7;2.9;72;-99;4.5;9.4;-99;0;236
15.7;12.6;18.3;0.8;86;-99;2.1;0;-99;0;237
17.6;13.6;23.5;1.9;80;-99;2.9;3;-99;0.24;238
17.6;14.8;21.2;2.3;77;-99;6.2;6.2;-99;1.21;239
15.7;13.2;18.4;2.6;68;-99;7.6;8.8;-99;0;240
17.5;12.5;22.2;1.9;67;-99;3.3;2.7;-99;0.1;241
18.2;14.2;21.5;2.3;83;-99;2.9;10.2;-99;0;242
18.3;16.1;20.2;1.5;81;-99;3.1;2;-99;0.2;243
16.9;15.7;18.5;1.6;86;-99;4.4;3.1;-99;0.03;244
15.4;11.4;17.3;1.6;76;-99;4.9;1.6;-99;0;245
16.2;10.8;21.7;2.5;66;-99;3.5;9.6;-99;0;246
16.6;13.9;20;1.5;80;-99;3.3;5.6;-99;0;247
17.8;12.9;22.1;2.3;79;-99;4.2;9.6;-99;0;248
16.7;14.3;18.9;2.2;72;-99;8.4;4.7;-99;0;249
15.1;13.3;17.4;2.3;65;-99;8.6;6.1;-99;0;250
15.8;14.6;16.9;1.2;80;-99;7;0.5;-99;0.06;251
16.5;12.4;19.2;1.6;82;-99;5.7;6.8;-99;0;252
18.4;12.5;23.6;2.1;77;-99;3.7;10.7;-99;0;253
20.8;16.6;29.6;3;69;-99;3.3;9.7;-99;0;254
18.1;14.6;21.8;1.8;80;-99;4.7;0.5;-99;0.47;255
13.3;9.7;16.7;1.5;77;-99;5;6.3;-99;0;256
12.3;8.7;16.2;1.4;76;-99;3.8;8.2;-99;0;257
13;10.1;16.2;1.1;82;-99;5.5;0.4;-99;0.54;258
14.9;12;16.1;1.3;83;-99;7.5;2.1;-99;0.12;259
16.4;13.4;20.9;1.9;71;-99;3.5;9.1;-99;0;260
15.9;12.8;20.5;1.6;79;-99;3.6;7.9;-99;0;261
15.2;11.9;20.1;1.5;77;-99;3.9;3.2;-99;0.09;262
11.5;7.9;15;1.5;74;-99;5.8;9.4;-99;0.01;263
11;6.4;16.2;1.4;75;-99;4.2;7.7;-99;0;264
12.7;8.9;17;1.6;62;-99;3.8;2.2;-99;0;265
11.8;9.5;13.1;1.3;74;-99;8.1;0.7;-99;2.09;266
11.3;7.6;14.5;1.4;73;-99;5.2;8.9;-99;0;267
10.5;9;12.7;1.2;82;-99;5;0;-99;2.01;268
14;10.7;18.6;1.1;81;-99;3.2;3.6;-99;0.21;269
14.1;10.8;20.2;0.81;87;-99;2.9;1.8;-99;0.03;270
13.2;12.1;16.4;1;88;-99;3.4;0.6;-99;2.26;271
12.7;10.9;15.2;0.8;83;-99;4.2;0.7;-99;0.03;272
12;9.9;15.5;1;82;-99;4.2;3.2;-99;0.32;273
12.2;9.6;16.3;1.1;76;-99;4.2;6.7;-99;0;274
12.9;7.8;18.4;1.3;69;-99;3.2;10.2;-99;0.01;275
13.7;10.8;18;1;80;-99;3.1;2.7;-99;0.22;276
14.6;12.2;17.6;1.2;82;-99;3.9;3.8;-99;0.69;277
11.3;8.6;12.2;0.6;90;-99;4.6;0;-99;2.06;278
10.4;8.6;14.8;1.1;89;-99;5.9;0;-99;2.13;279
10.4;7.9;12;0.9;87;-99;5.5;1.2;-99;0.56;280
10.7;8.2;12.9;1.1;81;-99;9;5.4;-99;0.32;281
11.3;8.3;13.3;1;77;-99;8.4;5.6;-99;0;282
10.5;7.7;12;1.1;72;-99;11.4;4.4;-99;0.03;283
10;6.5;11.2;0.8;79;-99;8.7;1;-99;1.74;284
9.2;5.5;11.3;0.5;84;-99;3.2;3;-99;1.15;285
7.7;4;11.1;0.7;87;-99;5;6.8;-99;1.59;286
10.5;7.7;13.6;1.2;79;-99;4.3;8.9;-99;0.47;287
9;7.6;11;0.9;82;-99;3.7;2.3;-99;1.31;288
8.1;6.3;9.9;0.5;90;-99;2.7;0;-99;1.49;289
9.3;6.2;13.6;0.9;80;-99;4.4;6.2;-99;0;290
10.9;6.9;13.9;0.9;78;-99;4;6.1;-99;0.06;291
15.6;12.2;21.3;1.2;69;-99;3.7;5.5;-99;0;292
15.6;11.2;21.1;1;73;-99;3;8.4;-99;0;293
15.6;12.4;21.3;0.9;82;-99;2.8;7.5;-99;0;294
12.1;11.2;13.4;0.4;95;-99;2.5;0;-99;0;295
12.3;11;14.3;0.4;86;-99;2.6;0.5;-99;0;296
11.7;10.9;13.3;0.3;90;-99;1.9;0;-99;0.06;297
10.7;9.4;11.8;0.3;91;-99;3;0;-99;0;298
9.3;4.5;10.5;0.9;79;-99;11.4;0;-99;0.51;299
4.7;1.2;7.6;0.8;55;-99;6.9;7.6;-99;0;300
4.3;0.7;7.1;0.6;74;-99;4.6;3.7;-99;0.09;301
5.2;1.8;7.7;0.5;67;-99;3.7;7.4;-99;0;302
3.4;0.9;6.5;0.7;72;-99;5.2;3.2;-99;0.21;303
5.5;3.4;8.8;0.6;84;-99;3.8;4.8;-99;0.24;304
4.8;2.3;8.1;0.2;89;-99;3.9;4;-99;0;305
5.8;3.5;8.5;0.3;87;-99;5.4;0;-99;0.18;306
7.4;5.4;9.5;0.5;76;-99;4.7;3.4;-99;0;307
6.5;5;8.3;0.7;87;-99;3.6;2.9;-99;1.96;308
6.8;4.2;9.8;0.5;85;-99;4.4;7.2;-99;1.24;309
7.1;5.9;8.9;0.5;89;-99;5.6;1.1;-99;0.68;310
6.9;5.7;8.8;0.8;83;-99;7.4;4.7;-99;0.51;311
9.1;6.9;10.6;0.8;83;-99;9.7;0;-99;0.06;312
9.2;8.4;10.5;0.5;85;-99;5.7;0;-99;0.3;313
9.2;8.2;10.4;0.4;88;-99;3.6;0;-99;0;314
8;6.2;9;0.4;83;-99;3.6;0.1;-99;0.18;315
8.8;6.2;11.3;0.4;88;-99;3.9;5.1;-99;0.09;316
6.8;5.5;8.7;0.2;88;-99;3.9;0.9;-99;0;317
6.3;2.5;9.3;0.3;84;-99;3.6;3.1;-99;0.03;318
7.2;4.8;9.5;0.3;77;-99;3;0;-99;0;319
5.7;2.9;8.3;0.2;83;-99;2.2;0;-99;0;320
2.4;-1.4;5.7;0.1;87;-99;3;0;-99;0;321
1.7;0.8;2.7;0.1;87;-99;3.3;0.7;-99;0;322
4.8;1.1;8.1;0.1;97;-99;3.3;0;-99;0.46;323
3.8;-0.7;7.2;0.2;94;-99;3.1;6.6;-99;0;324
6.6;5.3;9.1;0.1;94;-99;3.5;0.7;-99;0;325
6.7;5.6;7.5;0.1;90;-99;3.9;0;-99;0;326
7.3;4.6;9.8;0.3;85;-99;3.9;2.6;-99;0.06;327
5.3;3.2;7.6;0.2;87;-99;3.7;3.7;-99;0.29;328
4.1;2.2;6.3;0.1;98;-99;2.6;0;-99;0;329
6.9;4;10;0.69;85;-99;5.9;0.8;-99;0.06;330
7.5;5.8;9.5;0.4;81;-99;4.3;3.2;-99;2.05;331
7.5;6.4;8.9;0.2;93;-99;2.3;2.1;-99;0.22;332
5.9;4.4;6.8;0.1;93;-99;3.5;0;-99;0.09;333
4.2;3.2;5.6;0.4;87;-99;9.5;0;-99;0.76;334
3.1;1.9;3.8;0.4;79;-99;7.7;0.1;-99;0.06;335
1.6;-0.1;3.1;0.1;92;-99;3.3;0;-99;0.14;336
1.7;0.3;3;0.1;90;-99;3.5;0;-99;0.06;337
-0.4;-2.6;0.7;0.1;86;-99;3.6;5;-99;0.15;338
2.2;0;4;0.3;91;-99;5.9;0;-99;1.79;339
-1.6;-5;1.6;0;81;-99;8.2;0.8;-99;0.81;340
-1.7;-5.6;0.9;0;85;-99;6.8;0.4;-99;1.01;341
-4.9;-7.6;-2.7;0;93;-99;3.1;6.4;-99;0;342
-3;-8.6;0.6;0;84;-99;4.8;0.2;-99;0;343
-0.8;-4.1;2;0;95;-99;3.8;0;-99;4.74;344
0.4;-1;1.9;0.1;94;-99;4.6;0;-99;0.19;345
-0.5;-1.6;1.3;0;82;-99;10.8;0;-99;0;346
-2.4;-7.3;-0.2;0;78;-99;3.5;0.1;-99;0;347
-4.8;-7.7;-2.8;0;95;-99;4.2;0;-99;0;348
-4.6;-6.4;-1;0;90;-99;6.4;0.4;-99;0;349
2.7;-1;4.2;0.1;93;-99;4.2;0;-99;2.34;350
3.6;2.9;4.2;0;95;-99;2.6;0;-99;0.06;351
2.8;1.3;3.7;0;98;-99;2.4;0;-99;0.04;352
1.9;1.2;2.6;0;98;-99;1.8;0;-99;0;353
2.2;1.4;2.9;0;95;-99;2.2;0;-99;0.15;354
1.3;-0.3;1.9;0.2;83;-99;3.9;0;-99;0;355
-2.2;-4.8;-0.2;0;84;-99;4.3;0;-99;0;356
-4.9;-5.7;-3;0;88;-99;4.6;0;-99;0.25;357
-1.4;-3.3;4.2;0;93;-99;7.5;0;-99;1.67;358
5.3;3.9;8.9;0;94;-99;4.2;0;-99;0;359
6.5;5.1;9.3;0.2;92;-99;3.7;0;-99;2.34;360
6.6;5.2;7.6;0.6;85;-99;5.1;0.7;-99;0.13;361
4.9;1.2;7.7;0.9;85;-99;7.6;0;-99;0.92;362
0.6;-0.8;1.9;0.1;73;-99;5.2;5;-99;0;363
5.6;1.5;8;0.3;90;-99;4.9;0;-99;0.39;364
6.6;2.2;8.6;0.6;81;-99;5.5;2.4;-99;0.82;365
7.9;5.6;9.4;0.9;82;-99;6.4;0;-99;0.21;366
