tavg;tmin;tmax;ET0;relhumid;vapp14;wind;sundu;globrad;precip;jday
C_deg;C_deg;C_deg;mm;%;mm_Hg;m/s;hours;J cm-2 d-1;mm;
55;2;-----;-----;-----;-----;-----;-----;------;-- -;-
7.1;3.9;9.2;0.4;87;-99;5.2;0;-99;1.63;1
5.3;3.7;6.5;0.4;86;-99;5.8;2.2;-99;0.97;2
7.1;5.6;9.1;0.7;91;-99;8.8;0.3;-99;0.83;3
6.4;5.3;8.3;0.4;94;-99;9.3;0;-99;0.49;4
5;4.6;5.7;0.2;99;-99;3.5;0;-99;0;5
5.1;4.6;5.8;0.1;99;-99;5.9;0;-99;0;6
4.6;3.4;5.3;0.1;96;-99;2.6;0;-99;0;7
5.6;4.8;6.5;0.1;99;-99;3.9;0;-99;1.92;8
6.2;4.7;7.3;0.2;97;-99;4.8;0;-99;3.39;9
2.2;-1.2;5;0.4;87;-99;10.3;0;-99;0.52;10
0.4;-1.2;1.1;0.1;77;-99;8.2;0.6;-99;0.21;11
-0.2;-1.3;0.6;0.1;91;-99;5.9;0;-99;0.47;12
-1.4;-3.8;-0.2;0;86;-99;2.8;2.8;-99;0;13
-5;-6.9;-3.7;0;84;-99;4.3;0;-99;0;14
-5.5;-7.1;-4;0;90;-99;2.6;3.1;-99;0.03;15
-3.4;-6.6;0.2;0;85;-99;3;0.5;-99;0;16
0.3;-0.3;0.8;0.1;84;-99;5.6;0;-99;0.24;17
-0.7;-2.5;0.3;0;83;-99;3.2;0;-99;0;18
-3.6;-4.8;-1.8;0;78;-99;2.9;2.2;-99;0;19
-2.5;-6.4;-0.4;0;84;-99;2.7;0;-99;0.03;20
-2.6;-4.2;-1.3;0;77;-99;4;2.9;-99;0;21
-2.5;-3.6;-1.4;0;76;-99;3.3;1.1;-99;0;22
-0.9;-2.4;0.3;0;78;-99;3.8;2.8;-99;0;23
-0.1;-1.4;0.9;0;74;-99;2.9;1.9;-99;0;24
-2.4;-5.9;0.6;0;82;-99;1.9;6.5;-99;0;25
-6.5;-8.6;-4.1;0;86;-99;4.3;1.5;-99;0.31;26
0.3;-4.1;3.2;0.1;95;-99;4.1;0;-99;0.91;27
2.7;1.7;3.5;0.1;91;-99;4.1;0;-99;0;28
4.9;2.3;7.3;0.4;90;-99;4.8;0;-99;1.1;29
7.6;3.6;11.1;0.7;92;-99;5.9;0.3;-99;6.48;30
5.9;4.3;6.9;1;81;-99;8.8;0.2;-99;6.57;31
4.7;3;6.6;0.6;90;-99;5;0.1;-99;1.28;32
1.5;0.5;3.5;0.4;87;-99;6.6;0.1;-99;0;33
1.4;-1;3.3;0.2;90;-99;5.2;0;-99;0.36;34
3.7;2.3;6;0.8;89;-99;7.2;0.1;-99;2.07;35
2.1;0.6;4.7;0.5;89;-99;5;0.4;-99;1.71;36
1.1;-0.2;2.1;0.2;92;-99;4;0;-99;0.39;37
0.8;-0.2;1.4;0.3;88;-99;5.6;0.3;-99;0.39;38
0.6;-0.1;1.7;0.2;92;-99;6.5;1.2;-99;0.76;39
-1.1;-2.2;0.8;0;92;-99;4.6;1;-99;0.15;40
-2.2;-4.8;0.2;0;84;-99;3;6.6;-99;0;41
-2.5;-7.1;0.5;0;84;-99;3.5;4.1;-99;0;42
-0.1;-0.5;0.9;0.2;90;-99;3.4;0.7;-99;0.15;43
-0.7;-2.6;0.1;0;81;-99;3.1;1.6;-99;0;44
-0.7;-2.4;0.4;0.1;85;-99;3.2;0;-99;0;45
0.4;-0.9;2;0.2;87;-99;3.5;0;-99;0;46
1;0.3;1.9;0.2;91;-99;1.9;0;-99;0;47
1;0.5;1.5;0.1;92;-99;1.4;0;-99;0;48
0.9;0.3;2.1;0.2;94;-99;4;0;-99;0.51;49
0.9;0;1.8;0.6;88;-99;10.7;0;-99;1.17;50
-0.6;-2.5;0.1;0.1;86;-99;10.8;0.1;-99;1.67;51
-0.8;-1.9;0;0;86;-99;8.2;0.1;-99;0.28;52
-1.9;-3.4;0.3;0;80;-99;2.8;4.3;-99;0;53
0;-1.2;1.2;0.2;80;-99;6.3;0;-99;0;54
1.3;0.8;1.7;0.3;93;-99;5.2;0;-99;0.12;55
1.8;1.2;2.6;0.3;89;-99;4.4;0;-99;0;56
1.6;1.2;2.1;0.3;90;-99;4.1;0;-99;0;57
0.7;-0.8;1.7;0.5;85;-99;2.4;3.5;-99;0;58
0.7;-1;3.3;0.3;95;-99;5.1;0;-99;0;59
2;0.9;3.4;1;92;-99;6.2;9.1;-99;0;60
1.9;0.1;3.3;0.7;84;-99;5.7;4.2;-99;0;61
2.4;0.6;3.9;1.1;85;-99;6.7;9.1;-99;0;62
1.9;-1.2;5.2;0.8;86;-99;2.4;9.3;-99;0;63
5.6;0.8;12.4;1.4;62;-99;3;10.1;-99;0;64
3.6;0.8;6.4;1.1;77;-99;2.5;9.9;-99;0;65
3.1;1.6;5.5;1.1;69;-99;5;3.2;-99;0;66
1.8;0.7;3.7;1.3;57;-99;4.8;3.5;-99;0;67
0.4;-2.2;2.4;0.8;70;-99;4.4;1.3;-99;0.03;68
-2.5;-3.2;-1.4;0;90;-99;6.9;0.2;-99;1.06;69
-2.7;-3.7;-2;0;79;-99;7;0.3;-99;0.3;70
-2.9;-6.5;-1;0;72;-99;3.4;6.8;-99;0.31;71
-3.1;-7.4;0.1;0;66;-99;2.6;7.9;-99;0.03;72
-1.5;-3.6;0.2;0.1;79;-99;3.2;4.6;-99;0.26;73
-1.6;-4.2;0.1;0.3;76;-99;2.3;8.8;-99;0.11;74
-0.7;-5.6;3.4;0.9;59;-99;4.9;8;-99;0.01;75
0.1;-2.2;1.9;1.09;52;-99;8.5;4.7;-99;0.02;76
-1;-3.1;0.5;0.3;70;-99;6;0;-99;0.62;77
-1.2;-1.8;-0.5;0;98;-99;7.5;0;-99;1.96;78
-0.7;-1.6;0.3;0.3;94;-99;6.8;0;-99;0.32;79
-0.8;-2.3;0.5;0.2;91;-99;5.8;3.1;-99;0.51;80
-2.3;-4.2;0.1;0;78;-99;5.3;5.8;-99;0.18;81
-3.6;-5.6;-1.2;0;70;-99;4.1;10.9;-99;0.27;82
-2;-5.1;0.9;0.2;83;-99;2.7;4.7;-99;0.18;83
-1.2;-4.3;1.7;0.5;70;-99;3.5;5.5;-99;0;84
-0.4;-2.3;2.3;0.9;74;-99;4;4.3;-99;0;85
-0.1;-3.1;4.1;1.1;75;-99;3.1;9.6;-99;0;86
0.5;-1.4;3.1;1;66;-99;3.3;5.6;-99;0;87
-0.1;-1;0.7;0.4;92;-99;4.4;0;-99;0.34;88
0;-0.7;0.8;0.5;92;-99;5.2;0;-99;0.08;89
0.4;-1.7;1.5;1;83;-99;5.2;9.8;-99;0;90
0.8;-1.2;2.5;1.3;75;-99;3.5;12.3;-99;0;91
0.8;-3.4;4.4;1.4;68;-99;3;12.7;-99;0;92
1.3;-2.2;5.2;1.4;66;-99;3.5;10.9;-99;0;93
1.7;-0.6;4.5;1.2;81;-99;5.1;10.5;-99;0;94
1.4;0.7;2.2;0.6;92;-99;5.6;0;-99;0.3;95
2.4;0.9;4;1.8;74;-99;3.6;12.1;-99;0;96
3.5;0.7;6.9;1.5;78;-99;5.6;7.3;-99;0.14;97
2;0.5;5.4;1.4;79;-99;3.8;8;-99;0.03;98
4.2;1.2;8.1;2.1;58;-99;4.7;9.9;-99;0.07;99
5.2;2.9;8.2;0.9;75;-99;4.7;0;-99;0.04;100
6.5;4.5;9.1;0.5;93;-99;3.7;0;-99;0.86;101
7.7;4.5;10;0.8;90;-99;3.4;1.6;-99;0.12;102
6.2;3.9;8.3;0.7;95;-99;4.1;0;-99;0.97;103
11.5;3.1;18.1;2.6;70;-99;3.3;7.8;-99;0;104
13.9;7.5;22.6;3.3;68;-99;4.1;9.4;-99;0;105
12;7.2;18.9;1.9;85;-99;2.7;3.9;-99;0.03;106
12.6;8.4;17.6;2.9;74;-99;2.6;8.5;-99;0;107
13.8;8.6;20.6;3.8;59;-99;5.6;8;-99;0;108
9;4.9;13.7;2.5;70;-99;6.6;8.5;-99;0;109
5.4;4.3;7.2;2.2;84;-99;4.6;13.5;-99;0;110
8.9;3;14.8;2.8;60;-99;3.4;11.1;-99;0;111
9.4;7.7;12.6;2.1;68;-99;3;4.4;-99;0;112
10;7.8;13.9;2.2;64;-99;6;1.4;-99;0;113
12.6;6.6;18.8;3.5;65;-99;4.9;9.1;-99;0;114
9.7;6.8;15.7;2.2;85;-99;3.8;10.6;-99;0.03;115
8.5;5;15.7;1;93;-99;4.6;0;-99;6.09;116
6.9;5.6;8.4;1.7;85;-99;5.1;6.9;-99;0;117
7.2;5.7;9.4;2.6;77;-99;4.2;11.9;-99;0.01;118
9.9;6;14.4;2.5;62;-99;4.9;5.2;-99;0;119
8.6;5.4;13;2.8;71;-99;4.8;10.9;-99;0;120
7.7;5.5;10.1;2.9;71;-99;3.9;13.5;-99;0;121
8.8;6.8;11.6;3.1;66;-99;4.4;7.2;-99;0;122
8.6;4.7;11.9;3.4;66;-99;3.4;14.6;-99;0;123
13.1;6.8;21;4.1;54;-99;3.9;12.6;-99;0;124
11.8;7.6;14.9;3.2;73;-99;3.4;14.2;-99;0;125
14.5;9.3;21.3;3.4;69;-99;2.9;8.2;-99;0.12;126
14.6;10;19.3;3.4;67;-99;4;9.2;-99;0;127
16.9;12.9;22.8;2.9;78;-99;3;4.3;-99;1.12;128
14.5;11.5;19.3;2.3;84;-99;2.3;3.1;-99;3.03;129
13.3;10.3;18.3;2.6;79;-99;2.9;4.7;-99;0.18;130
13.3;8.3;17.7;2.1;73;-99;2.9;0.7;-99;0;131
10.5;7.4;15.2;2.1;82;-99;3.4;3.3;-99;0.16;132
10.6;6.6;15;2.5;78;-99;4.4;6.2;-99;0.8;133
10.8;8;14.8;2.8;77;-99;3.7;6.1;-99;0.48;134
17.9;10.5;23.9;4.8;58;-99;5.7;13.6;-99;0;135
18.4;11.8;25.8;4.21;66;-99;2.9;11.6;-99;0;136
21.1;15.3;26.5;4.4;62;-99;4;10.3;-99;0.06;137
16.4;10.9;23.6;2.5;79;-99;3.9;4.2;-99;3.25;138
12;11.2;14.9;0.9;94;-99;2.8;0;-99;0.1;139
12.5;10.8;14.1;1.3;94;-99;2.4;1.1;-99;0.41;140
13;12;13.9;1;94;-99;3.7;0;-99;0.23;141
10;7.7;12.1;1.6;89;-99;7.7;0;-99;5.25;142
8.9;6.2;11.8;2.8;71;-99;5.4;8.5;-99;0.02;143
10.9;6.8;14.5;3.4;71;-99;3.9;11.7;-99;0.03;144
11.1;9.3;12.4;1.3;93;-99;5.2;0;-99;6.34;145
11.2;10.2;12;1.4;96;-99;5.7;0;-99;4.77;146
12.2;9.4;15.8;3.5;85;-99;3.8;13.2;-99;0;147
11.8;10.6;13.3;1.6;93;-99;4.8;3.1;-99;0.13;148
14.2;10.6;18.8;2.6;82;-99;3.9;4.4;-99;1.3;149
12.9;11.2;16;3.1;89;-99;4.7;8;-99;0;150
12.4;11;14.6;2.8;88;-99;6.2;8.7;-99;0.01;151
13.8;11;16.6;3.4;90.42;-99;3.5;11.283;-99;0.12;152
12.4;11.2;13.7;2;85.54;-99;9;1.733;-99;0;153
12.5;10.2;14.9;3.7;80;-99;7.7;11.65;-99;0;154
14;10.4;16.5;3.4;78.21;-99;4.3;10.917;-99;0.01;155
14.5;9.3;18.9;4.1;67.42;-99;3.5;16.05;-99;0;156
14.9;10.1;20;4.4;64.25;-99;3.6;16.417;-99;0;157
14.9;9.6;18.1;4.5;77.63;-99;2.1;16.267;-99;0;158
14.6;12.5;16;3.8;80.13;-99;4.4;14.85;-99;0;159
13.6;12.7;15.2;3.1;78.04;-99;4.5;6.533;-99;0;160
15.2;12.6;17.6;4;83.92;-99;4.6;15.083;-99;0.13;161
14.5;11.5;17;3.2;80.33;-99;3.6;8.833;-99;0.38;162
18.1;10.5;23.9;4.7;64.58;-99;2.8;12.55;-99;0.28;163
18.3;12.9;24.8;2.8;81.46;-99;3.9;1.55;-99;6.62;164
15.4;12.4;18.4;3.4;75.21;-99;5.3;8.15;-99;0.53;165
16.3;11.8;23.6;4.1;70.96;-99;4;11.233;-99;2.02;166
14.9;11.2;19.1;3.7;72.13;-99;4.7;8.55;-99;0.24;167
14.9;10.8;17.6;4;75.54;-99;3.3;10.017;-99;0;168
17.8;14.2;20.7;4;75.13;-99;3.5;10.183;-99;0;169
23.2;16.3;31.6;4.91;65.96;-99;3.8;11.15;-99;0.09;170
19.4;17.5;22.2;4.3;90.25;-99;3.5;11.617;-99;3.51;171
20.2;16.7;23.8;3.91;78;-99;4.5;5.783;-99;0.64;172
19.1;15.4;23.6;3.8;69.29;-99;4.3;6.217;-99;0.12;173
17.9;13.6;21.7;3.6;71.63;-99;3.6;5.017;-99;0.07;174
15.7;13.2;19;3.1;77.58;-99;3.8;8.55;-99;0.09;175
15;13.7;16.3;1.6;83.29;-99;8.4;0.033;-99;2.48;176
14.2;12.5;15.8;2.7;74.5;-99;12.4;2.283;-99;0.03;177
13.2;10.4;17.2;2.9;75.5;-99;4.4;3.083;-99;0.27;178
14.2;10.7;18.1;2.5;70.17;-99;3.3;6.1;-99;0;179
14;12;16.8;2.1;82.83;-99;6.9;2.683;-99;1.9;180
13.6;11.8;16.5;2.4;77.46;-99;8;3.217;-99;1.68;181
16.4;13.3;20.3;2.9;82.88;-99;3.2;6.3;-99;0.23;182
15.4;13.4;17.4;3.4;73.21;-99;3;10.55;-99;0.25;183
19.2;14.3;24.6;3.1;74.83;-99;4;2.117;-99;2.54;184
17.7;16.4;20.4;1.9;86.58;-99;3.2;1.85;-99;0;185
17.9;16.1;20.5;3.2;80.33;-99;4.5;9.45;-99;0;186
16.8;14.1;19.1;4;72.58;-99;4.2;15.667;-99;0;187
18.3;12.8;21.8;4.1;76.67;-99;2.8;15.817;-99;0;188
18.7;14.8;21;4.5;78.04;-99;3.5;15.383;-99;0;189
19;13.9;21.7;4.3;71.88;-99;2.9;14.8;-99;0;190
17.7;15.4;19.8;3.4;72.17;-99;9.6;7.7;-99;0;191
18.7;16.5;21.2;4.4;63.42;-99;6.4;12.5;-99;0;192
18.3;16.9;20;3.6;74.04;-99;5.7;14.683;-99;0;193
18.1;16.8;20.2;3.8;83.79;-99;7.8;7.683;-99;0;194
17;15.7;18.2;2.7;77.29;-99;11;4.95;-99;0;195
17.2;14.7;19.7;3.5;75.83;-99;7.9;9.983;-99;0;196
18.2;16.3;20.8;3.7;78;-99;5.2;10.217;-99;0;197
19.1;16.7;21.4;3.9;82.54;-99;5;13.35;-99;0;198
19.9;17.4;22.1;4.5;78.79;-99;5.4;15.167;-99;0;199
19.1;17.8;21.6;3.3;82.96;-99;8.9;5.75;-99;0;200
19.9;17.7;22.5;4.8;64.5;-99;4.2;15.683;-99;0.06;201
21.2;17.3;24.2;5.1;65;-99;2.9;15.633;-99;0;202
20.9;15.7;24.4;4.7;72.42;-99;2;14.65;-99;0;203
21.4;16.1;26.7;5.1;53.04;-99;3.3;15.4;-99;0;204
20.2;14.6;23.6;5.1;59.54;-99;3.5;13.85;-99;0;205
20.1;16.7;25;3.2;81.33;-99;2.7;7.183;-99;1.12;206
21.7;17.1;24.8;3.8;78.79;-99;2.5;7.683;-99;0;207
23.1;20.1;27.2;4.7;72.5;-99;2.9;11.583;-99;0.11;208
23.2;19.8;29.4;4.7;74.96;-99;4.3;7.517;-99;0.16;209
19.6;17.7;22.3;2;79.5;-99;2.6;1.433;-99;1.25;210
20.2;16.1;23.5;3.6;71.79;-99;6.7;8.6;-99;0.59;211
18.5;15.8;22.4;3.7;79.33;-99;4.8;9.867;-99;0.71;212
19.7;14.7;24.1;2.4;79.21;-99;2.6;1.95;-99;0;213
25.6;19.2;33.6;5.6;60.08;-99;3.2;14.95;-99;0;214
22.9;19.7;29.3;4.5;73.58;-99;4.7;10.283;-99;0;215
20;16;23.4;2.9;69.92;-99;2.7;8.883;-99;0;216
22.3;16.7;28.6;4.5;62.08;-99;3.3;12.133;-99;0;217
21.8;18.9;27.9;4.3;74.75;-99;4.7;10.917;-99;0.72;218
19.7;18.4;21.8;3;75.54;-99;3.8;7.2;-99;0;219
19.6;17.5;22.1;2.2;82.83;-99;5.6;0.417;-99;1.21;220
18.3;15.9;20.6;3.3;67.17;-99;4.9;10.85;-99;0;221
18.5;14.7;24.3;3.1;66.5;-99;3.8;5.017;-99;0.67;222
16.3;13.5;18.9;2.4;74.04;-99;4.5;5.233;-99;1.02;223
16.2;12.6;19.8;2.7;72.42;-99;4.7;6.433;-99;0;224
16;12.5;19.3;2.8;72.21;-99;6.6;7.9;-99;6.25;225
17;14.8;19.3;3;70.08;-99;10.6;9.2;-99;3.72;226
17.2;11.3;20.8;3.1;65.88;-99;3.7;8.65;-99;0;227
21.5;16.2;27;3.5;58.92;-99;3.2;7.267;-99;0;228
19.1;15.9;21.2;2.7;75.21;-99;2.1;5.917;-99;0;229
19.4;16.4;25.7;2.2;78.96;-99;3.2;2.283;-99;1.5;230
17.4;15.7;19.2;1.7;78.79;-99;3.6;2.35;-99;1.23;231
17.3;14.3;19.6;2.3;75.75;-99;5.5;9.083;-99;0;232
16.7;12.4;20.2;2.6;73.92;-99;2.9;12.117;-99;0;233
18.1;15.2;21.7;2.6;65.88;-99;2.5;6.567;-99;0;234
18.2;13.7;24.4;3;68.92;-99;3;10.65;-99;0;235
17.4;12.2;23.2;3;67.92;-99;3.5;12.767;-99;0;236
18.5;14.6;23.9;3.4;62.96;-99;3.8;12.45;-99;0;237
17.7;13.3;22;3.3;60.75;-99;3;13.067;-99;0;238
16.8;13.3;21.7;2.5;76.83;-99;2.7;7.933;-99;0;239
16.9;14.3;19.8;2.3;86.25;-99;3.1;10.8;-99;0;240
17.1;14.2;19.8;2.5;75.46;-99;2.6;11.083;-99;0;241
17.7;13.8;20.5;2.2;74.63;-99;3.1;7.067;-99;0;242
17.7;14.9;20.9;2;75.5;-99;6.5;2.817;-99;0.63;243
15.6;14;18;2.1;68.75;-99;9.3;5;-99;1.04;244
15.6;13.1;17.4;1.49;91.42;-99;9.8;0;-99;4.19;245
16.7;16;18;1.3;90.04;-99;6.8;0.983;-99;0.59;246
16.2;14.1;17.7;1.4;79.5;-99;3;6.3;-99;0.19;247
18.2;13.4;22.5;2.1;74.13;-99;4;12.433;-99;0;248
19.7;14.2;25.8;3.1;59.54;-99;5.5;12.8;-99;0;249
19.5;13.8;26.1;3.1;57.04;-99;4.8;11.35;-99;0;250
18.6;14.9;23.1;2.5;61.46;-99;5.1;4;-99;1.83;251
13.6;10.4;15.8;1.1;91;-99;8.8;0;-99;5.41;252
12.5;9.6;15.4;0.9;87.83;-99;3.2;2.533;-99;0.13;253
13.4;11.3;16.4;1;80.96;-99;2.9;0.517;-99;0.19;254
14.3;11.2;17.2;1.51;82.17;-99;2.2;12.1;-99;0;255
14.3;10.3;17.5;1.4;88.54;-99;2.4;9.883;-99;0;256
15.8;9.6;21.1;1.8;80.21;-99;2.7;8.467;-99;0.11;257
14.9;12.3;17.1;1.5;77.96;-99;4.8;3.65;-99;0.6;258
12.7;8.8;17.1;1.8;74.63;-99;4.2;3.983;-99;0.39;259
11.2;7;16.1;1.4;71.96;-99;3.6;7.867;-99;0;260
9.6;7.3;11.5;0.8;84.21;-99;2.2;0.1;-99;3.12;261
11.1;7;15.4;1.2;85.5;-99;3.6;4.483;-99;0.78;262
11.6;10.4;13.1;0.7;90.5;-99;1.9;0;-99;0.21;263
14;10.8;16.2;1.1;83.17;-99;3.7;4.2;-99;0;264
15.4;12.3;18.1;1;82.83;-99;5.8;4.417;-99;0.06;265
15.5;14.6;16.6;1.1;87.5;-99;11.6;0.033;-99;0.51;266
14;10.5;15.2;0.8;79.08;-99;5.6;1.183;-99;0;267
10.9;8.2;14.5;0.9;78.04;-99;2.5;0.65;-99;0.82;268
11.1;8.3;13.8;1.6;76.25;-99;4.2;8.517;-99;1.47;269
12.1;8.3;13.9;1;77.71;-99;6.4;2.583;-99;0.84;270
10.6;7.5;14;1;78.04;-99;2.7;10.233;-99;0;271
10.6;6.5;16.1;1.1;75.75;-99;2.8;9.35;-99;0;272
10.1;6.2;14.6;1.2;72.88;-99;3.2;10.167;-99;0;273
10.4;6.9;15;1.1;71.21;-99;3;10.1;-99;0;274
9.2;6;13.8;1;71.63;-99;3.4;10.4;-99;0;275
8;3.9;12.5;1.2;64.29;-99;6.2;10.333;-99;0;276
9.7;4.9;13.9;1.5;55.29;-99;6.6;7.433;-99;1.27;277
12.5;10.2;14.8;0.7;75.42;-99;3.2;0;-99;0;278
13.1;10.5;14.6;0.8;87.21;-99;3.3;6.983;-99;0;279
12.8;10;15.9;0.9;81.54;-99;3.2;8.967;-99;0;280
12.4;8.1;17.8;0.7;84.04;-99;2.7;1.6;-99;0;281
13.7;11.2;17.3;0.8;85.79;-99;3.4;1.35;-99;1.33;282
10.7;9.3;12.1;0.4;86.42;-99;2.6;0;-99;1.32;283
13.6;12.1;15.7;0.6;86.25;-99;5.6;3.7;-99;0;284
13.1;11.4;14.5;0.6;84.63;-99;4.7;0;-99;9.89;285
10.2;6.2;12.8;0.6;87.5;-99;2.8;1.683;-99;0;286
10.2;5.8;15.2;0.8;80.42;-99;3.5;7.483;-99;0;287
10.1;8.1;12;0.4;92.17;-99;3.2;0.183;-99;9.04;288
9.7;7.4;12.6;0.4;90.71;-99;2.2;3.25;-99;2.63;289
11;8;13.7;0.8;89.33;-99;6.4;0.683;-99;10.16;290
9;3.8;11.9;0.8;72.54;-99;8;5.55;-99;0.06;291
7.1;3.7;10.1;0.4;80.46;-99;4.3;0.583;-99;1.85;292
14.2;8.9;16.7;0.8;87.38;-99;3.3;1.2;-99;2.42;293
13.8;12.5;15.5;0.9;86.63;-99;3.4;4.333;-99;11.29;294
16.1;12.9;20;1;78.17;-99;3.7;7.4;-99;0;295
16.5;14.5;19.1;0.9;75.67;-99;4.4;0.4;-99;0.1;296
12.2;7.7;14.5;0.8;73.25;-99;4.3;8.05;-99;0;297
10.7;6.5;14.5;0.5;81.46;-99;4.1;1.033;-99;0.96;298
15.4;13.9;18.9;0.9;85.38;-99;4.2;4.083;-99;0.23;299
14.9;12.7;18.5;1;78.25;-99;5.2;3.95;-99;0.71;300
13.9;12;17.9;1.6;72.79;-99;7.2;0.9;-99;1.48;301
11;8.7;12.8;0.9;75.67;-99;5.7;0.9;-99;0.01;302
9.2;7;11.6;0.6;81.08;-99;4.5;4.233;-99;0;303
8.7;5.6;11.9;0.7;76.25;-99;4.5;7;-99;0;304
10.2;7.5;13.4;0.8;84.25;-99;4.4;1.333;-99;4.26;305
8.7;7.9;9.6;0.3;91.04;-99;2.3;0;-99;8.14;306
9.4;6.3;11.4;0.9;81.54;-99;4.7;2.383;-99;4.85;307
7.7;5.8;10.9;0.6;86.75;-99;6.1;0;-99;12.58;308
7.6;5.1;10.4;0.4;83.13;-99;4.4;6.317;-99;0;309
6.7;5.2;9.7;0.7;85.38;-99;4.6;2.1;-99;5.92;310
8;6.6;10.4;0.6;90.33;-99;3.3;1.333;-99;4.18;311
8;6.3;11;0.3;87.88;-99;2.9;5.567;-99;0;312
8.4;6;10.2;0.9;79.63;-99;5.8;1.2;-99;1.43;313
7.2;5.7;8.8;0.6;84.33;-99;7.3;0.483;-99;10.21;314
7.4;5.5;8.9;0.3;78.71;-99;4.7;4.133;-99;0;315
6.3;5;8.7;0.3;82.29;-99;4;0;-99;1.27;316
8;4.9;9.4;0.3;84.75;-99;5.9;7.3;-99;0;317
5.1;2.9;7.6;0.2;87.33;-99;2.9;1.7;-99;0;318
2.5;-0.2;4.7;0.1;93.29;-99;3.1;2.95;-99;0;319
7.3;4.5;9;0.1;90.75;-99;4.7;0;-99;0;320
8;4.6;10;0.2;89.88;-99;3.9;2.6;-99;0;321
6;4.9;7;0.2;90.63;-99;3.3;0;-99;0;322
5.6;4.8;7.4;0.2;89.63;-99;3.7;0;-99;0;323
6.3;5.2;7.3;0.3;78.75;-99;6.9;0;-99;0.33;324
5.2;4.1;6.5;0.2;77.29;-99;3.8;4.267;-99;0;325
6.2;4.6;7.3;0.2;82.71;-99;4;0;-99;0;326
6.5;5;7.3;0.2;82.42;-99;4.3;4.833;-99;0.01;327
5.9;4.2;7.7;0.5;71.92;-99;10.3;4.983;-99;0.12;328
4.7;3.9;5.6;0.4;68.5;-99;9.8;7.533;-99;0;329
3.2;0.2;4.8;0.3;70.88;-99;6.3;6.033;-99;0;330
5.2;0.2;8.4;0.2;91.79;-99;6;0;-99;0.21;331
7.8;6.5;8.6;0.5;82.25;-99;12.3;6.283;-99;0;332
5.9;4.8;6.6;0.3;84.13;-99;7;0;-99;22.23;333
5.6;4.3;6.5;0.4;86.21;-99;6.6;0.033;-99;1.48;334
7.2;5.8;8.5;0.3;84.92;-99;9.6;1.2;-99;0;335
3.4;-0.1;6.4;0.1;88.92;-99;2.7;5.133;-99;0;336
1.4;-0.2;3.4;0;95.29;-99;4;0;-99;0;337
5;3.3;6.9;0.2;87.29;-99;7.1;0;-99;2.33;338
3.7;0.1;5.7;0.9;84;-99;10.6;0.05;-99;4.92;339
3.8;1.9;5;1.09;72.38;-99;20.6;0.983;-99;5.74;340
2.8;2;3.3;0.5;58.67;-99;13.4;2.35;-99;0;341
4.3;0.3;8.4;0.2;87.29;-99;5.4;0;-99;14.3;342
7.4;6.1;8.7;0.2;97.46;-99;5.8;0;-99;5.68;343
7.7;5.3;8.7;0.2;95.58;-99;3.3;0;-99;0.06;344
4.8;2.4;5.6;0.1;87.5;-99;3;0;-99;0;345
1.9;0.9;2.9;0;96.58;-99;3.9;0;-99;0;346
3;1.3;4.4;0.1;94;-99;2.7;0;-99;0.47;347
2.8;0.4;5.7;0;93.21;-99;3.3;0.017;-99;0;348
6.2;4.3;8.1;0.4;86.75;-99;5;0;-99;1.55;349
7.3;5.3;9.6;0.4;75.13;-99;5.1;1.7;-99;0;350
6.4;2.6;9.1;0.3;82.58;-99;3.6;0;-99;0;351
4.8;1.7;6.5;0.1;86.79;-99;3.4;0.517;-99;0;352
5.8;4.4;7.2;0.3;84.88;-99;4.4;0;-99;0.1;353
4.2;2.2;6;0.1;91.33;-99;3.8;0.233;-99;0.09;354
5.9;4.5;7;0.8;72.38;-99;6.8;0;-99;3.33;355
7.4;5.1;9;0.7;74.79;-99;6.4;1.417;-99;1.29;356
6.2;4.9;9;0.5;77.92;-99;4.8;5.4;-99;0.09;357
11.2;9;13.2;1.2;58.96;-99;6.6;0;-99;0;358
9.8;6.1;12.2;0.6;69.08;-99;4.1;0.017;-99;0;359
4.9;1.9;6.2;0.1;94.33;-99;2;0;-99;0.26;360
6.4;3.9;8.1;0.5;78.17;-99;5;3.05;-99;0.37;361
6.7;3.8;8.5;0.3;85.38;-99;3.7;0;-99;0.77;362
5.6;3.9;7.4;0.3;88.13;-99;3.8;0.5;-99;6.55;363
4.4;2.2;6.1;0.2;83.25;-99;4.4;6.1;-99;0.07;364
3.6;1.5;5.9;0.2;75.38;-99;3.9;3.933;-99;0;365
