tavg;tmin;tmax;ET0;relhumid;vapp14;wind;sundu;globrad;precip;jday
C_deg;C_deg;C_deg;mm;%;mm_Hg;m/s;hours;J cm-2 d-1;mm;
55;2;-----;-----;-----;-----;-----;-----;------;-- -;-
11.4;8.8;13.7;1.5;81;-99;6;4.6;-99;3.74;275
10.1;8.5;12.1;0.9;77;-99;6.4;0.5;-99;1.75;276
8.1;7;8.9;0.6;87;-99;4.5;0;-99;0.36;277
8.3;6.5;11.8;1;81;-99;4.3;2.1;-99;2.26;278
9.2;7.1;11.5;0.8;86;-99;6.1;0;-99;7.62;279
9.8;6.1;13.4;0.8;84;-99;1.8;10.3;-99;0.11;280
11;5.8;15.8;0.8;82;-99;3.6;4;-99;0.05;281
11.6;8.7;14.4;0.3;87;-99;4.5;2.3;-99;0.16;282
12.5;8.7;14.1;0.7;87;-99;4.8;4.9;-99;0.63;283
11.7;7.3;16;0.8;79;-99;3.8;6;-99;0.46;284
13.5;10;18.6;1;74;-99;4.3;7.7;-99;0.79;285
12.4;10.3;13.4;0.4;90;-99;3.5;0.1;-99;0.62;286
14.2;8.8;19.1;0.9;83;-99;3.6;7.1;-99;0.36;287
14.1;10.4;16.4;0.6;87;-99;4.9;2.4;-99;0.71;288
12.2;9.9;15.6;0.6;90;-99;3.9;1.2;-99;5.59;289
10.7;7.3;13.4;0.9;85;-99;5.7;1.5;-99;4.28;290
10.6;7.7;12.4;1.1;81;-99;10.1;4.2;-99;9.09;291
9.8;7;11.6;0.5;82;-99;4.7;0.3;-99;0.59;292
11.6;10.2;13.4;0.7;84;-99;4.9;2.1;-99;1.16;293
11.7;8.5;15.2;0.9;73;-99;4.6;7.4;-99;0.23;294
12.1;9.3;15;0.7;83;-99;4.8;0;-99;2.04;295
8.7;6.5;11.5;0.4;80;-99;3.2;1;-99;0.53;296
8.5;4.9;12.7;0.6;79;-99;3.9;8.6;-99;0.85;297
8.8;6;11.7;0.7;75;-99;4.2;0.3;-99;0.35;298
10.5;7.4;12.9;0.7;80;-99;3.5;8;-99;0.53;299
11.3;9.6;13;0.6;85;-99;5.9;0;-99;6.38;300
9.1;5.4;11.3;0.6;86;-99;3.9;1.3;-99;1.46;301
6.4;4.2;9.2;0.5;80;-99;4.1;6.8;-99;0.45;302
5;3.3;8.1;0.2;84;-99;2.5;2.8;-99;0.51;303
6;3.6;7.6;0.7;83;-99;8.4;0;-99;17.77;304
5.2;2.5;8;0.3;85;-99;3.2;8.2;-99;0.97;305
6.5;3.6;8.3;0.4;88;-99;3;0;-99;3.13;306
8.4;6.6;10.4;0.3;90;-99;2.9;0;-99;0.85;307
7.6;6.4;9.6;0.1;99;-99;2.8;0;-99;0.22;308
8.4;7.6;9.1;0.1;96;-99;1.7;0;-99;1.1;309
9.3;8.3;10;0.1;95;-99;3.3;0;-99;1.16;310
9.6;9.1;10.2;0.2;93;-99;3.1;0;-99;0.13;311
9.6;8.4;10.9;0.2;95;-99;3.1;0;-99;13.07;312
8.7;5.9;11;0.2;94;-99;2.3;1.6;-99;0.13;313
8.3;6.3;11.5;0.5;85;-99;4;1.7;-99;1.09;314
10.9;6.4;14.6;0.9;79;-99;5.7;0.3;-99;1.32;315
12.3;8.1;15.3;0.9;72;-99;6.3;0.7;-99;1.14;316
8.4;6.4;10.3;0.6;77;-99;5.6;6.1;-99;0.46;317
7;5.3;9.7;0.3;87;-99;3.9;5.1;-99;1.48;318
7.9;5.6;10.9;0.4;91;-99;5.5;0;-99;4.15;319
11.2;9.8;12.3;0.5;85;-99;6.5;0;-99;1.59;320
8.8;6;10;0.9;81;-99;10;1;-99;4.06;321
5.7;2.4;8.1;0.4;72;-99;5.9;5.2;-99;1.26;322
4.8;1.8;8.5;0.7;86;-99;8.3;0;-99;6.12;323
8.1;6;9.7;0.8;83;-99;11;0;-99;7.49;324
8.3;4.5;10.1;1.4;80;-99;14.2;1;-99;8.28;325
4.3;1.3;6.3;0.5;66;-99;12.2;0.8;-99;0.28;326
3;0.6;4.7;0.6;69;-99;12.1;2.6;-99;0.52;327
2.9;0.4;4.8;0.4;78;-99;7.2;0.8;-99;1.09;328
2.1;-0.4;4.1;0.3;75;-99;6.9;2;-99;1.23;329
3.4;1.9;4.5;0.4;76;-99;8.6;0;-99;0.17;330
5.3;1;8.9;0.2;89;-99;6.3;0;-99;0.7;331
7.3;6.8;8.3;0.2;90;-99;5.8;0;-99;0.22;332
4.7;1.1;6.9;0.3;82;-99;4.1;0;-99;1.36;333
1.3;0.7;1.7;0.2;88;-99;2.9;0;-99;1.15;334
2.1;1.5;3.1;0.1;91;-99;2.7;0;-99;5.7;335
2.6;-0.8;5.9;0.1;91;-99;5.1;2.3;-99;8.88;336
4.5;2.5;6.3;0.5;91;-99;9.7;0;-99;33.26;337
1.7;0.4;3.8;0.1;90;-99;4.4;0;-99;2.12;338
2.1;0.6;4.4;0.2;90;-99;4.7;0;-99;1.11;339
4.2;2.7;5.1;0.2;90;-99;2.7;2.3;-99;0.52;340
4.9;3.8;5.8;0.1;94;-99;3;0.2;-99;1.43;341
5.1;3.9;5.8;0.2;89;-99;6.6;0.7;-99;1.16;342
5.2;4.1;5.9;0.2;87;-99;4.4;0;-99;1.2;343
2;1.2;4.1;0.1;89;-99;3.1;0;-99;0.79;344
2.3;0.9;4.3;0.1;92;-99;3.4;0;-99;3.74;345
2.4;0.9;3.8;0.1;88;-99;1.8;0;-99;9.14;346
2.6;-0.4;4.9;0.1;92;-99;4.1;0;-99;4.17;347
1.6;-0.7;3.5;0.1;91;-99;4.6;0;-99;0.33;348
2.8;2.1;3.3;0.2;83;-99;5.6;1.1;-99;0.2;349
2.4;1.8;2.8;0.1;87;-99;3.6;0;-99;0.17;350
2.6;2.4;2.9;0.1;92;-99;1.9;0;-99;0.02;351
3;2.5;4;0.1;89;-99;1.9;0;-99;0.52;352
2.8;1.7;3.7;0.1;93;-99;3.4;0.6;-99;0.25;353
4.7;2.7;6.4;0.2;92;-99;6.2;2.8;-99;3.49;354
5.7;2.8;7.7;0.8;84;-99;10.3;0;-99;2.59;355
6.5;4.9;8.9;0.3;87;-99;8.7;0.7;-99;0.33;356
7.1;5.4;9.4;0.9;85;-99;11.7;2.2;-99;1.83;357
4.8;3.4;5.4;0.2;90;-99;6.3;1.4;-99;0.43;358
5.6;2.7;6.9;0.2;94;-99;6.8;0;-99;1.2;359
2.9;0.1;4.3;0.1;85;-99;3;2.3;-99;1.23;360
0.8;-0.5;2.4;0.1;81;-99;1.4;0;-99;0.71;361
2.4;0.8;3.3;0.1;85;-99;2.7;0.3;-99;3.39;362
2.2;1.5;2.8;0.1;93;-99;1.5;0;-99;0.63;363
0;-3;1.8;0.1;87;-99;3.8;3;-99;0;364
-3.3;-4.5;-1.8;0;89;-99;3.1;2.5;-99;0;365
-3.1;-5.2;1.1;0;89;-99;2.7;5.3;-99;0.49;366
