tavg;tmin;tmax;ET0;relhumid;vapp14;wind;sundu;globrad;precip;jday
C_deg;C_deg;C_deg;mm;%;mm_Hg;m/s;hours;J cm-2 d-1;mm;
55;2;-----;-----;-----;-----;-----;-----;------;-- -;-
0;-1.1;0.9;0;81;-99;2.5;0;-99;1.68;1
-1.1;-4.5;0.6;0;94;-99;2.7;0.3;-99;3.39;2
-4;-5.6;-2.1;0;87;-99;3.2;0;-99;0.07;3
-4.3;-6.1;-3.2;0;87;-99;4.5;0;-99;1.06;4
-3;-5.1;-1.8;0;88;-99;3.6;0;-99;0.19;5
-6.2;-8.6;-0.5;0;89;-99;2.7;3.1;-99;0.18;6
-1.5;-3.5;-0.2;0;92;-99;3.6;0.5;-99;2.89;7
-2.4;-3.7;-0.6;0;88;-99;3.9;1;-99;0.71;8
0.8;-0.6;1.6;0.4;77;-99;9.6;0;-99;4.05;9
1.2;0.1;1.9;0.4;80;-99;10.1;0;-99;5.31;10
0.3;-3.2;1.3;0;92;-99;6;0;-99;1.08;11
-3.5;-5.1;-2.3;0;89;-99;2.7;0;-99;0.19;12
-2;-4.8;-0.1;0;87;-99;5.3;0;-99;0;13
-3.3;-4.1;-2.7;0;91;-99;5;0;-99;0.02;14
-3.9;-5.8;-2.7;0;88;-99;4.3;0;-99;0.1;15
-3;-4;-2;0;87;-99;5.8;0;-99;0.03;16
-3.8;-5;-2.5;0;90;-99;5.5;0;-99;0.87;17
-1.2;-4.1;0.2;0;88;-99;4;0;-99;0.34;18
-1.1;-1.7;-0.6;0;94;-99;2.4;0;-99;0.71;19
-3.1;-7;-0.7;0;90;-99;3.8;0;-99;1.59;20
-7;-8.3;-4.6;0;82;-99;3.3;3;-99;0.08;21
-7.2;-9.8;-6.1;0;81;-99;5;0;-99;0;22
-9.6;-12;-7.1;0;79;-99;5.4;5.5;-99;0.01;23
-11.3;-14.3;-8.2;0;68;-99;5.8;0;-99;0;24
-9;-11.1;-7.4;0;62;-99;4.1;6.7;-99;0.71;25
-9.1;-13.1;-5.1;0;65;-99;1.8;8;-99;0.86;26
-5;-8.9;2.3;0;78;-99;5.6;0;-99;3.55;27
0.4;-0.3;1.4;0.5;91;-99;10.1;3.8;-99;0.78;28
-0.3;-1.2;0.9;0.1;90;-99;4.3;0;-99;3.27;29
-3.2;-8.4;-0.7;0;87;-99;11;3.4;-99;4.79;30
-3.2;-9.1;1;0;91;-99;3.6;0;-99;0.79;31
-0.1;-4.3;1;0.2;92;-99;4.4;0;-99;0.46;32
-2.8;-7;1.3;0;90;-99;5.4;0.4;-99;2.14;33
0.5;-1;2.6;0.4;81;-99;7.8;1.1;-99;0.69;34
0.5;-1.2;2.1;0.2;86;-99;3.8;0.3;-99;0.08;35
1.1;-1.3;2.9;0.4;85;-99;4.9;5.4;-99;0.02;36
-2.4;-4.1;-1.2;0;80;-99;3.1;4.1;-99;0.32;37
-4.8;-6.7;-2.8;0;90;-99;2.2;0;-99;0.27;38
-4.8;-6.6;-3.3;0;88;-99;1.6;0;-99;0.27;39
-3.8;-4.5;-3.2;0;85;-99;1.5;0;-99;1.81;40
-3.2;-4.4;-1.2;0;87;-99;3.7;0;-99;0.52;41
-1.2;-2.2;-0.5;0;90;-99;9.7;0;-99;0.51;42
-2.5;-3.5;-1;0;92;-99;11.6;0;-99;2.74;43
-2;-2.5;-0.8;0;94;-99;7.9;0;-99;2.61;44
-1.2;-1.8;-0.2;0;94;-99;1.5;0;-99;0.23;45
-2.1;-3.8;-1.2;0;85;-99;2.1;0;-99;0.03;46
-1.4;-2.9;0.9;0;80;-99;3.1;5.8;-99;0.02;47
-2.2;-4.6;-0.9;0;86;-99;3.8;1.2;-99;0.02;48
-0.4;-2.7;2.2;0.1;90;-99;3.2;0;-99;3.24;49
2.7;1.2;4.5;0.4;85;-99;2.9;0.9;-99;0.18;50
1.9;0;3.1;0.8;74;-99;5.1;3.8;-99;0.15;51
-2.3;-5;0;0.1;81;-99;6.4;5;-99;0.43;52
0.6;-3.8;3.6;0.4;85;-99;3.3;0;-99;8.73;53
-1;-2.8;2.3;0.1;90;-99;4.8;0;-99;1.65;54
-0.7;-3;0.9;0.1;86;-99;4.3;0;-99;0.5;55
3.5;0.7;6.3;0.3;88;-99;4.7;0.7;-99;0.06;56
5.3;3.8;7.4;0.5;79;-99;3.5;1.1;-99;0.17;57
4.6;3.5;7.2;0.7;79;-99;4.7;1.7;-99;0.25;58
4.3;2.7;6.7;0.7;82;-99;4.8;0.3;-99;3.46;59
1.6;0.5;3.1;1;88;-99;10.4;0.7;-99;4.99;60
1.8;-0.1;3.7;0.6;86;-99;6.7;4.4;-99;0.14;61
1;-0.2;2.3;0.7;87;-99;7.2;6.4;-99;0.09;62
-0.7;-2.5;0.3;0.4;81;-99;7.1;5.1;-99;0.86;63
-2.1;-4.4;-0.8;0.1;57;-99;5.4;9.5;-99;0;64
-1.8;-4.9;0.4;0.3;72;-99;5.7;9.4;-99;0.41;65
-0.5;-1.7;0.9;0.6;82;-99;6.3;4.8;-99;0.04;66
-0.3;-1.8;1.6;0.6;78;-99;2.1;8;-99;0.04;67
-2.2;-3.2;-0.6;0.3;85;-99;3.2;4;-99;0.1;68
-2.5;-3.2;-1.4;0;94;-99;1.5;0;-99;0.06;69
-0.9;-3.6;1.7;0.1;96;-99;2.4;0;-99;0.71;70
1.8;0.7;3.7;0.3;98;-99;6.8;0;-99;0.32;71
2;0.5;3.6;0.7;90;-99;8.2;4.4;-99;0.03;72
1.4;-0.1;2.7;0.7;92;-99;9.4;0.5;-99;4.9;73
1.3;0.3;2.9;0.7;89;-99;7.1;4.1;-99;0.1;74
1.5;0;2.8;0.9;87;-99;6.1;5.6;-99;0.04;75
5.6;1.6;9.6;0.7;77;-99;4;0.7;-99;0.23;76
9.4;3.6;14.2;1.5;72;-99;4.5;5.6;-99;0;77
10.5;5.3;12.8;1.1;70;-99;4.2;1.7;-99;0.33;78
11.3;9.1;12.6;0.7;91;-99;4;0;-99;4.55;79
7.1;3.8;12;1.4;91;-99;6.4;7.1;-99;0.15;80
5.5;2.7;9.4;1.3;84;-99;3.3;5.3;-99;0.16;81
7.6;4.6;10.4;1.6;77;-99;5.1;7.3;-99;0.35;82
7.8;1.7;13.1;1.5;71;-99;4;6.6;-99;0.48;83
12.5;5.9;19.1;2.1;63;-99;4.2;10.9;-99;0.06;84
10.9;5;17.6;1.9;73;-99;3.7;6.5;-99;0.98;85
7.3;4.2;10;1;89;-99;7.5;0.1;-99;12.68;86
7;4.4;10.9;1.2;80;-99;4.7;1.4;-99;4.58;87
5.5;3.9;8.7;1;88;-99;3.4;4;-99;0;88
8.9;3.2;12.7;1.3;83;-99;5.8;6.6;-99;0.06;89
8.9;5.7;11.6;1.6;75;-99;3.1;4.9;-99;1.55;90
6;2.9;9.5;1.7;69;-99;4.8;6.4;-99;2.37;91
7;1.6;12.8;2.2;59;-99;3.5;11.7;-99;0;92
7.7;3;12.5;1.9;62;-99;5.4;10;-99;0.01;93
7.8;4.3;13.2;1.3;80;-99;4;3.5;-99;7.62;94
6;3.8;7.4;0.79;85;-99;4.7;0.7;-99;0.65;95
8.6;5.7;11.8;1.5;71;-99;2.5;1.2;-99;0;96
10.1;5.4;15.2;2.6;57;-99;4.6;12.4;-99;0;97
8;4.7;14.7;1.9;75;-99;4.3;5.2;-99;0.96;98
6.1;4.6;9.3;1.3;88;-99;6.2;5.1;-99;0.46;99
5.4;4.2;8.4;1.6;88;-99;5.7;4;-99;0.31;100
5.2;4.2;7.3;0.8;90;-99;5.8;1.2;-99;1.22;101
4.1;2.2;6.2;1.2;93;-99;5.6;5.6;-99;0;102
3.1;0.7;6.3;1.6;94;-99;2;3.8;-99;0;103
5.4;3.1;8.3;1.8;83;-99;4.8;12.8;-99;0.13;104
6.2;3;10;2.4;78;-99;3.6;12.8;-99;0;105
6;4.8;8.8;2.2;83;-99;6.6;9.1;-99;0;106
8.8;4.2;14.4;2.9;67;-99;6.7;11.8;-99;0.13;107
9.1;4.7;16.4;3;70;-99;3.3;13;-99;0;108
6.1;4;8.2;2.3;69;-99;4.9;13.2;-99;0;109
5.9;2.4;9.2;1.7;75;-99;3.9;2.5;-99;6.37;110
5.2;3.3;6.6;1.7;84;-99;9.9;4;-99;18.87;111
6.2;4.5;9.2;2.1;80;-99;7.4;9.3;-99;0;112
7.4;2.9;11.1;2.4;73;-99;5.2;12.3;-99;0.07;113
6.9;5;8.8;2.1;72;-99;3.2;9.3;-99;0.13;114
11.3;4.1;18.9;3.3;56;-99;4.3;13.5;-99;0.08;115
11.1;8.7;17.8;2.41;74;-99;5.7;3.1;-99;0.32;116
9.5;7.6;12.8;1.8;85;-99;7;5.7;-99;0;117
11.1;7.6;15.4;2.8;73;-99;3.6;12.4;-99;0;118
16.6;12.7;24.3;3.9;54;-99;3.1;8.2;-99;0.2;119
13.9;9.3;17.5;2.2;73;-99;5.6;1.8;-99;1.5;120
11;7.7;17.4;2.6;78;-99;4.5;5.7;-99;1.73;121
8.1;6.6;10.1;2.6;77;-99;4.2;12.7;-99;0;122
6.9;5.4;10.6;0.9;85;-99;4;0;-99;9.54;123
7.1;5.3;9.5;1.7;76;-99;5.3;4.5;-99;2.7;124
7.6;4.3;10.2;2.2;71;-99;4.9;11.3;-99;0;125
6.6;3.5;9.4;1.4;82;-99;6.4;4.1;-99;3.38;126
6.3;5.7;6.9;0.8;96;-99;4.8;0;-99;0.7;127
6.3;5.3;7.9;0.6;94;-99;2.7;0.1;-99;0.07;128
7.2;6.1;8.5;0.8;90;-99;1.5;0.1;-99;1.25;129
7.2;5.1;9.2;1.7;72;-99;2.8;6.8;-99;0;130
7.5;3.9;10.5;1.7;74;-99;3.2;2.4;-99;0.42;131
8.7;7.3;13.4;1.2;90;-99;3.7;0.2;-99;16.18;132
8.2;6.9;10.1;1.1;90;-99;3.7;3.4;-99;0;133
8.4;7.4;9.6;1.1;89;-99;6;0;-99;0.13;134
7.7;6.6;8.8;1.2;90;-99;9.2;0;-99;3.87;135
9.3;6.7;13.1;2.39;80;-99;7.7;4.4;-99;1.03;136
9.4;7.4;11.8;2.9;83;-99;5.7;13.7;-99;0;137
9.4;8.1;11.1;1.4;88;-99;7.1;1.3;-99;0.07;138
10.8;9.5;13;1.3;90;-99;4.3;0.8;-99;0;139
11.3;9.4;13.8;1.8;90;-99;2.9;0.3;-99;0.19;140
12.1;9.6;15;3.2;80;-99;3.7;12.8;-99;0;141
11.5;10.3;12.8;1;97;-99;3.5;0;-99;0;142
13.3;11;16.2;3.1;88;-99;5.8;10.7;-99;0;143
11.3;9.4;13.5;1.6;91;-99;6.4;2.5;-99;1.34;144
10.4;8.5;12.6;3;73;-99;10.9;11.6;-99;0;145
10.3;8.4;12.4;2.9;66;-99;4.9;10.7;-99;0;146
11.5;8.9;13.9;2.6;69;-99;2.3;11.6;-99;0;147
11.8;8.5;14.8;2.4;74;-99;3.7;5.3;-99;0.22;148
11.8;6.3;15.9;3.5;68;-99;4;13.9;-99;0;149
13.2;10.6;16.4;1.4;85;-99;3.8;0;-99;1.35;150
11.2;10.1;12.9;1.3;90;-99;7.5;0;-99;3.47;151
11;9.9;12.5;1.6;87;-99;8.7;0;-99;0.8;152
13.3;10.5;16.4;3.7;80;-99;4.9;14.3;-99;0;153
13.6;11.8;16.9;4.2;79;-99;4.9;16.2;-99;0;154
13.4;11.3;16.9;3.4;76;-99;3.9;16.2;-99;0;155
13.4;10.5;15.1;3.5;82;-99;2.4;13.5;-99;0;156
14.9;11;17.5;3.6;77;-99;2.9;12.7;-99;0;157
14.2;12.3;18.1;1.9;90;-99;5.3;0.4;-99;4.42;158
15.6;10.6;21.2;3;76;-99;3.4;6.4;-99;0.03;159
17.8;15.6;21.7;3.4;83;-99;3.2;6;-99;0.72;160
15.7;13.2;20.1;1.8;93;-99;2.9;4.2;-99;0.17;161
16.5;12.3;23.7;3;89;-99;4.2;2.8;-99;0.91;162
14.3;12.3;17.9;3.2;73;-99;7.3;7.4;-99;0;163
13.1;11.8;15.4;2.2;73;-99;7.3;3.5;-99;0;164
13.3;10.1;15.6;2.8;77;-99;2.9;9.6;-99;0;165
13;10.8;15.5;3.3;72;-99;5.7;11.6;-99;0.06;166
14.4;11.4;17.3;3.9;70;-99;3.2;16.7;-99;0;167
15.2;10.4;19.4;4;73;-99;2.2;16.6;-99;0;168
13.8;11.2;17.2;2.6;78;-99;8.1;4;-99;0;169
11.8;9.5;14.2;2.2;75;-99;6.5;1.2;-99;0.25;170
13;9;15.8;2.7;83;-99;4.3;8.3;-99;0.38;171
14.9;12.7;17.5;3.6;80;-99;5.5;14.3;-99;0;172
15.8;13;18.1;4;78;-99;3.8;16.1;-99;0;173
16.6;14.1;19.3;3.5;72;-99;3;11.1;-99;0;174
17.5;12.8;20.9;4.2;72;-99;2.5;15.9;-99;0;175
17.6;14.6;20.2;3.3;80;-99;3.4;9.5;-99;0.01;176
15.8;11.9;17.9;3.4;70;-99;5.6;13.4;-99;0;177
16.4;10.9;19.4;3.9;74;-99;3.7;16.4;-99;0;178
19.5;13.8;24;4.7;69;-99;3.5;16.4;-99;0;179
20.9;16.1;28.3;4.9;70;-99;2.9;12.9;-99;0.12;180
18.5;16.1;21.8;4.1;73;-99;5.5;14.2;-99;0;181
18.2;13.1;22;4.3;67;-99;3;14.6;-99;0;182
24.8;17.8;32.3;5.5;53;-99;3.3;12.9;-99;0.19;183
26.3;19.5;32.8;5.9;51;-99;3.4;15.1;-99;0.06;184
21;17.8;24;4.4;78;-99;3.3;14;-99;0;185
20.1;16.3;24.1;3.7;76;-99;3.1;5.5;-99;0.45;186
17.8;15.8;19.7;3.6;70;-99;8.2;7.9;-99;0.03;187
17.9;15.2;20.5;4.1;66;-99;4.3;15;-99;0;188
22.1;16.5;28.7;4.8;56;-99;2.8;6.8;-99;0.01;189
23.3;19.2;28.4;5.2;65;-99;3.3;13;-99;0;190
25.7;22.4;33.7;6;60;-99;2.4;13.3;-99;0;191
24.5;21.8;33.7;5.4;70;-99;3.2;10.9;-99;1.18;192
24.5;20.7;34.4;4.9;76;-99;3.4;9.8;-99;0.27;193
21.4;18.6;24.4;3.7;79;-99;3.8;8.4;-99;1.44;194
24.7;17.6;31.3;5.7;59;-99;4.4;14.7;-99;0.1;195
22.9;19.3;27.3;4.6;63;-99;2.9;7.4;-99;0.03;196
24.6;18.1;31;5.8;56;-99;2.6;14.8;-99;0;197
21.1;18.1;23.7;3.4;73;-99;5.1;6.3;-99;0.03;198
18.8;15.2;21.5;4;64;-99;5.2;10.9;-99;0;199
20.2;14.3;24.2;4.5;57;-99;3.3;14.5;-99;0;200
22.5;16.7;28.7;5.6;52;-99;3.5;15.4;-99;0.09;201
24;18.1;31.6;5.2;61;-99;3.7;12.7;-99;0.03;202
21.9;20;25.1;3.7;75;-99;4.3;6.3;-99;0.15;203
20.3;17.8;22.7;3.1;74;-99;3.3;6.3;-99;0.03;204
19.6;18.3;20.7;2.8;76;-99;9.3;2.4;-99;17.88;205
19.2;17.5;21.7;4.1;67;-99;9.6;15.2;-99;0;206
18.4;14.1;21.4;3.4;67;-99;3.8;13.1;-99;0;207
19.7;15;22.7;3.6;75;-99;2.4;14.8;-99;0;208
19.4;15.9;23.4;3.3;75;-99;4.9;8;-99;1.73;209
18.2;15.9;21.7;3.1;75;-99;8.8;1.1;-99;0.46;210
17.4;14;20.4;2.8;67;-99;4.9;2.2;-99;0;211
20.6;12.6;27.5;4.7;54;-99;3.7;11;-99;0;212
21;17.7;27.8;3.2;70;-99;2.9;3.8;-99;8.11;213
19.1;16.9;21.2;2.3;83;-99;2.9;5.8;-99;4.06;214
18.6;15.5;20.7;2.1;75;-99;4.8;4.6;-99;0.35;215
18.9;13.6;23.5;3.4;66;-99;3.3;8.2;-99;0.21;216
18.6;15.6;23.3;3.1;81;-99;3;3;-99;0.27;217
19.2;17.9;21.4;2.9;79;-99;6;9.2;-99;0;218
19.7;18.2;21.7;2.8;79;-99;4.7;1.9;-99;0;219
18.8;17.2;20;1.5;82;-99;4.8;0;-99;0.06;220
18.6;15.8;21.3;2.5;79;-99;3.9;5.7;-99;0.09;221
20.4;15.6;26;3.2;65;-99;2.6;5;-99;0;222
19.4;16.5;22.6;2.1;76;-99;2.9;1.7;-99;2.16;223
18.6;16.1;22.2;1.5;89;-99;2;1.9;-99;7.46;224
18.5;16.9;20.5;2.6;78;-99;3.5;6.6;-99;0.26;225
18.6;16.9;19.2;1.4;87;-99;6.3;0;-99;3.68;226
19;17.6;20.6;1.5;90;-99;4.2;1;-99;0;227
19.4;17.2;22.7;2.1;81;-99;2;3;-99;3.41;228
17.8;15.6;20;1.8;83;-99;1.9;1.2;-99;0.6;229
17.2;15;21;2.2;85;-99;4;3;-99;1.31;230
17;12.9;21;2.6;75;-99;5.2;8.6;-99;0;231
19.4;12.8;24.5;2.9;63;-99;3.1;6.2;-99;0;232
21.5;17.5;27.6;3.2;69;-99;3.5;9.3;-99;0.2;233
19.6;15.7;24.3;2.5;83;-99;3.8;3.2;-99;2.89;234
19.4;16.8;21.7;1.7;83;-99;3.7;1.1;-99;2.22;235
17.5;12.1;21.1;3.1;64;-99;6;9.1;-99;0;236
15.5;12.3;19;2.4;76;-99;7.7;6.3;-99;0.61;237
14.7;12.1;17.1;1.2;81;-99;2.5;0.7;-99;0;238
14.7;13.5;15.9;1.2;84;-99;4.1;0;-99;2.77;239
15.4;11.5;17.5;2;76;-99;7;8.7;-99;0.53;240
12.9;9.9;18.1;1.5;81;-99;3.6;2.2;-99;1.92;241
14;11.3;16.3;1.6;84;-99;6.4;2.6;-99;2.68;242
15.7;13.6;17.8;2.1;73;-99;6.9;12.7;-99;0;243
16.1;14.4;18.1;1.8;79;-99;6.6;9.4;-99;0.3;244
15.4;14.2;17.7;1.8;77;-99;5.4;4.1;-99;0.1;245
14.7;12.3;16.9;2.1;65;-99;3.7;10.9;-99;0.39;246
12.7;10.1;16.6;1.6;78;-99;2.7;2.8;-99;0.58;247
13.8;8.8;17.6;2;69;-99;3.2;11.5;-99;0;248
12.9;8.3;18.5;1.9;70;-99;2.3;9.3;-99;0;249
13.9;10.7;16.7;1.5;73;-99;4.7;7.9;-99;0;250
15.1;11.4;18.6;1.8;69;-99;5.1;2.7;-99;0;251
13;12;14.9;0.8;86;-99;3.4;0;-99;1.85;252
14.8;12.2;18.6;1;88;-99;3.2;1.6;-99;0.19;253
16.3;11.8;21.1;1.2;82;-99;3.3;3;-99;0;254
17;13.6;22.7;1.7;81;-99;3;4.9;-99;3.81;255
14.6;12.3;16.8;1.4;90;-99;4.2;5.3;-99;0.03;256
15;12.1;18.4;1;90;-99;4.5;0.1;-99;1.54;257
14.1;10.7;16.5;2.3;71;-99;6;7;-99;1.85;258
12.7;10.4;15.9;1.4;76;-99;5.6;6;-99;0;259
12.3;10.7;14.5;1.4;78;-99;5.8;3.3;-99;0.06;260
12.1;10;14.7;1.4;72;-99;7;7;-99;0.1;261
11.9;9.3;15.8;0.9;82;-99;4.5;0.9;-99;0.43;262
13.3;11.4;15.3;1;91;-99;4.6;0;-99;0.98;263
14.1;9.7;15.6;1.3;76;-99;7.8;6.9;-99;0;264
13.5;8.2;18.8;1.4;76;-99;2.7;11.3;-99;0;265
17;12.1;23.3;1.6;72;-99;3.1;10.6;-99;0;266
17.3;13.4;21.9;1.3;79;-99;2.8;6.4;-99;0.03;267
13.2;11.2;15.2;0.6;83;-99;4.8;1.1;-99;0.85;268
14.1;12.5;15.4;0.6;94;-99;4.9;0;-99;1.56;269
13.5;12.3;14.1;0.4;91;-99;9.4;0;-99;0.17;270
11.3;9.9;12.4;0.8;77;-99;8.1;0;-99;0.03;271
11;8.8;13.1;0.9;68;-99;5.2;4;-99;0.06;272
9.8;6.8;13.7;0.9;74;-99;2.1;4.1;-99;0;273
8.9;4.7;13.2;1;73;-99;4.3;7.9;-99;0;274
10.4;6.2;14.6;1;75;-99;6.5;7.8;-99;0;275
12.4;9;15.7;0.9;77;-99;6.7;0.4;-99;0;276
13.7;10;17.7;1.3;71;-99;6.8;9.7;-99;0.01;277
12.7;9.9;15.7;0.9;76;-99;6.3;3.1;-99;0;278
15.1;12.5;18.7;1;78;-99;5.3;6.2;-99;0;279
14.3;13.1;15.3;0.6;83;-99;2.9;0;-99;0.03;280
12.3;9.4;15;0.8;74;-99;4.5;3;-99;0;281
10.7;7.4;15.9;1;69;-99;4.4;9.8;-99;0;282
9.4;5.4;14.3;0.9;78;-99;4.4;9.4;-99;0;283
8.6;5;13.2;0.5;89;-99;4.4;3.2;-99;0;284
8.6;6;12.3;0.6;80;-99;2.3;7.1;-99;0;285
7.8;3.8;11.9;0.7;83;-99;2.5;7.8;-99;0;286
10.6;6.1;12.9;0.6;82;-99;7.7;1.8;-99;0;287
9.1;5.5;11.9;0.5;80;-99;2.7;1.3;-99;3.11;288
7;4.7;9.6;1;78;-99;4.6;4.1;-99;1.03;289
6.8;3.1;10.6;0.6;71;-99;2.5;7.8;-99;0;290
6.3;2.3;11.1;0.7;76;-99;3.6;8.6;-99;0.03;291
7.6;5.7;10.7;0.6;88;-99;4.4;1.8;-99;0.58;292
8.2;6.2;10.1;1.1;79;-99;9.2;5.7;-99;1.19;293
6.3;3.4;8.5;1;78;-99;7.5;3;-99;1.83;294
9;6.9;10.7;1.1;81;-99;6.7;5.2;-99;1.19;295
8.1;5.5;11.2;0.7;78;-99;4.7;3.5;-99;0.09;296
8;7;9.2;0.7;84;-99;8.6;0;-99;2.66;297
8;4.8;9;0.9;70;-99;10.2;5.9;-99;1.11;298
7;4.7;9.3;0.6;71;-99;5.7;6.5;-99;0;299
6.8;4.4;9;0.4;86;-99;4.4;0;-99;0.74;300
9.4;8.4;10.8;0.6;90;-99;4.4;0;-99;0.39;301
10.8;8.8;13;0.6;82;-99;3.5;4.4;-99;0;302
11.5;8.9;15;0.7;73;-99;3.2;3.3;-99;0;303
8.8;6.8;10.6;0.1;91;-99;1.8;0;-99;0;304
8.2;6.1;10;0.1;96;-99;2.2;0;-99;0.06;305
8.9;8.2;10.4;0.3;90;-99;3.4;0;-99;0.03;306
10.8;9.5;12.6;1.1;83;-99;5.5;0.7;-99;1.77;307
10.2;8.8;13.8;0.3;93;-99;3.2;0;-99;8.09;308
11.7;8.6;14;1.2;87;-99;7.5;2.7;-99;6.95;309
8.3;6.4;9.8;0.7;82;-99;7.3;2.7;-99;1.8;310
5;1.5;6.8;0.3;71;-99;3.5;2.2;-99;0.07;311
3.3;0.5;5.9;0.29;87;-99;3.2;1.9;-99;0.06;312
5;3.7;6.6;0.2;90;-99;2.9;0.9;-99;0.25;313
5.5;4;7.3;0.2;93;-99;2.7;0;-99;0.26;314
5;1.8;7.4;0.4;82;-99;5.7;2.4;-99;1.48;315
8.9;6;10.7;1.2;79;-99;7.3;0.1;-99;0.41;316
9;7.9;10.4;0.4;79;-99;4.6;2.1;-99;0;317
10.8;7.5;14.3;0.6;90;-99;3.7;0;-99;1.14;318
9.4;7;13.4;0.6;78;-99;4.9;4.1;-99;0;319
6.7;5.9;7.6;0.2;85;-99;2.3;0;-99;0;320
5.5;4.8;6.8;0.6;88;-99;4.1;0;-99;0.99;321
6.2;5.1;7.2;0.2;93;-99;3;0;-99;2.34;322
5.9;5.4;6.7;0.2;94;-99;2.6;0;-99;4.44;323
5.8;4;7.1;0.1;92;-99;1.8;0;-99;0;324
4.8;2.9;6.5;0.1;98;-99;1.5;0;-99;0;325
5.5;4.1;6.8;0.3;89;-99;8.3;0;-99;3.37;326
4;2;5.1;0.3;92;-99;10.2;0;-99;2.18;327
1.8;0.7;2.6;0.4;87;-99;10.4;0;-99;0.09;328
1.4;-0.3;2.7;0.1;87;-99;4.5;0.5;-99;1.07;329
-0.9;-2.2;0.4;0;96;-99;2.7;0.6;-99;0.1;330
-1.2;-2.8;0.7;0;87;-99;3.2;2;-99;0.44;331
-1;-2.2;0.6;0;79;-99;2.6;1.3;-99;0;332
-0.1;-1.5;1.2;0.2;81;-99;7.1;0;-99;0.21;333
-2.3;-5.5;-0.4;0;81;-99;3.8;3.8;-99;0;334
-5.8;-8.1;-2.6;0;67;-99;4.7;6.6;-99;0;335
-4.8;-7;-2.2;0;86;-99;4.2;0;-99;0.77;336
-3.8;-6.5;-1.7;0;92;-99;4.5;0;-99;2.67;337
-4;-5.8;-2;0;87;-99;4.2;3.3;-99;0;338
-0.3;-4;1.9;0.1;94;-99;4.6;0;-99;0.36;339
0.3;-2.2;2;0.1;94;-99;3.4;0.7;-99;0;340
-3.4;-4.4;-2.1;0;99;-99;2.4;0;-99;0;341
-2.1;-4.5;1.7;0;98;-99;2.9;0;-99;0.1;342
0.7;-1.4;1.9;0.1;85;-99;9.6;0.2;-99;0.19;343
0.2;-1;2.3;0;82;-99;7.3;0.6;-99;0.57;344
4.4;2.2;5.7;0.7;91;-99;11.4;0;-99;2.49;345
0.3;-2.8;3.9;0.1;85;-99;11;0;-99;0.48;346
-0.7;-2.6;0.6;0;84;-99;8.9;3.2;-99;0.14;347
-0.8;-1.6;0.6;0;83;-99;11;0.2;-99;0;348
-1.4;-2.5;-0.6;0;89;-99;8.5;0;-99;0.03;349
-2.8;-3.9;-1.1;0;94;-99;5.4;0;-99;0.73;350
-2.2;-5.3;-0.2;0;91;-99;2.9;0;-99;0.35;351
-6;-7.9;-3.7;0;96;-99;2.9;0.9;-99;0.03;352
-8.6;-11.8;-7.5;0;95;-99;1.7;0;-99;0;353
-5.6;-11.3;-2.7;0;95;-99;3.8;0.5;-99;0.14;354
-5.9;-8.1;-3.9;0;87;-99;3.3;0.7;-99;0;355
-4.9;-9.9;-0.4;0;94;-99;3.1;1;-99;0.33;356
-0.3;-1.2;0.4;0;99;-99;6.1;0;-99;1.44;357
-1.7;-4.4;-0.1;0;93;-99;13.4;0;-99;0.55;358
-4.9;-6;-4;0;87;-99;10.5;0;-99;0;359
-5.4;-7.6;-3.4;0;82;-99;5.8;0.2;-99;0;360
-5.7;-8.2;-1.8;0;94;-99;2.6;0;-99;0.65;361
-7.7;-11.4;-2.7;0;94;-99;2.3;6;-99;0;362
-10.6;-14.2;-8.4;0;94;-99;1.9;0.9;-99;0;363
-9.8;-14.3;-0.5;0;95;-99;3;0;-99;0;364
0.8;-0.5;2.7;0.1;97;-99;6.5;0;-99;0.09;365
