Plot_ID   Date   Nm03 Nm36 Nm69 M W0_3  W3_6  W6_9  NM9-12 NM12-15 NM15-20  W9-12 W12-15 W15-20 
NEU000001 01102009 14.7 12.2 05.3 1 0.900 0.900 0.900 0001   0001    0001     0.990 0.990  0.990
FRD000001 01102009 14.7 12.2 05.3 1 0.900 0.900 0.900 0001   0001    0001     0.990 0.990  0.990
SPO000001 01102009 14.7 12.2 05.3 1 0.900 0.900 0.900 0001   0001    0001     0.990 0.990  0.990
HIH000001 01102009 14.7 12.2 05.3 1 0.900 0.900 0.900 0001   0001    0001     0.990 0.990  0.990
KAB000001 01102009 14.7 12.2 05.3 1 0.900 0.900 0.900 0001   0001    0001     0.990 0.990  0.990
KRL000001 01102009 14.7 12.2 05.3 1 0.900 0.900 0.900 0001   0001    0001     0.990 0.990  0.990
BAB000001 01102009 14.7 12.2 05.3 1 0.900 0.900 0.900 0001   0001    0001     0.990 0.990  0.990
HOZ000001 01102009 14.7 12.2 05.3 1 0.900 0.900 0.900 0001   0001    0001     0.990 0.990  0.990
SUC000001 01102009 14.7 12.2 05.3 1 0.900 0.900 0.900 0001   0001    0001     0.990 0.990  0.990
KPR000001 01102011 14.7 12.2 05.3 1 0.900 0.900 0.900 0001   0001    0001     0.990 0.990  0.990
KBE000001 01102011 14.7 12.2 05.3 1 0.900 0.900 0.900 0001   0001    0001     0.990 0.990  0.990
SUC000002 01102009 14.7 12.2 05.3 1 0.900 0.900 0.900 0001   0001    0001     0.990 0.990  0.990
end
