Polyg SID Field_ID  GH GL Ir comment
00001 001 NEU000001 24 24 0 
00002 004 FRD000001 99 99 1  
00003 005 SPO000001 99 99 0 
00004 006 HIH000001 99 99 0
00005 008 KAB000001 99 99 0  no Dung
00006 011 KRL000001 20 10 1
00007 112 KRL000001 25 20 1
00008 014 BAB000001 99 99 0  no Dung 
00009 016 HOZ000001 99 99 0  
00010 162 HOZ000001 99 99 0 
00011 017 SUC000001 20 20 1
00012 181 KPR000001 99 99 0 
00013 182 KPR000001 99 99 0
00014 183 KPR000001 99 99 0                                
00015 184 KPR000001 99 99 0 
00016 019 KBE000001 99 99 0  no Dung
00111 017 SUC000002 20 20 1 
00102 004 FRD000001 99 99 1
00112 004 FRD000001 99 99 1
00122 004 FRD000001 99 99 1   
end